0.3058968058968059
0.5151719487525287
0.5364705882352941
0.5388188453881885
0.5312588401697311
0.5364705882352941
0.31968295904887717
0.5299251870324189
0.5312588401697311
0.4719507781397032
0.541025641025641
0.49054301403294687
0.534438775510204
0.5339031339031339
0.4843807423741272
0.5141374837872893
0.509332651495781
0.5131474103585657
0.47476939772110693
0.5312588401697311
0.3913273400317293
0.4321977287909152
0.48112509252405616
0.504509582863585
0.40878938640132667
0.4310986964618249
0.0664935064935065
0.5188284518828451
0.5018619306788885
0.38138761944329036
0.47031611410948343
0.23551577955723035
0.19864341085271317
0.5044395116537181
0.2997448979591837
0.5312588401697311
0.5375335120643433
0.5369127516778524
0.5364705882352941
0.5381016042780749
0.5391014975041596
0.5364705882352941
0.5385900434346809
0.5378262305913445
0.5381016042780749
0.5364705882352941
0.5382323733862959
0.5364705882352941
0.5364705882352941
0.5382343288480472
0.5396411092985319
0.5383597883597884
0.5364705882352941
0.538107752956636
0.5364705882352941
0.5364705882352941
0.5378432685867381
0.5364705882352941
0.5367819952972791
0.5364705882352941
0.5397210430563978
0.5386914646296912
0.5384869507763462
0.5364705882352941
0.5384615384615385
0.5422979797979799
0.5364705882352941
0.3058968058968059
0.5189112760692824
0.4786259541984733
0.48297934244981083
0.5062825620594544
0.48795913403064944
0.4934314240672622
0.5192964032554476
0.4746666666666666
0.5020484171322159
0.5069124423963134
0.5216528925619834
0.5104572846508331
0.5073551486040228
0.5300472653612425
0.5203205495134516
0.5013365013365013
0.5310580204778157
0.5256776034236805
0.49385394070860444
0.5258001306335729
0.4547191440580818
0.49300880372863803
0.4925816023738873
0.5383848454636092
0.5051583066524369
0.5009771986970685
0.54627539503386
0.5149399609047751
0.5186980609418282
0.5195945945945946
0.5313751668891856
0.5388755980861244
0.5297148746135348
0.5233175090756773
0.5204951856946355
0.5034709535988309
0.5430247718383311
0.5315500685871056
0.5180551606482797
0.5320048309178744
0.3574542284219704
0.4380032206119162
0.4266879744306831
0.5132496513249651
0.5449952636564572
0.506578947368421
0.5285763768617943
0.5444761000316556
0.5437875434713879
0.5435540069686412
0.5430925221799746
0.5437875434713879
0.5426307448494453
0.5248618784530387
0.5426307448494453
0.5435540069686412
0.4802069857697283
0.4995431008224185
0.5441316039228093
0.5438485804416403
0.5435606060606061
0.5440758293838863
0.5429921259842521
0.5435056746532158
0.5441316039228093
0.5427135678391959
0.5239049527626682
0.5263157894736842
0.5441316039228093
0.5426307448494453
0.5441316039228093
0.5436156763590392
0.5435606060606061
0.5436646554461734
0.5439595192915876
0.5438373570520966
0.5440151994933503
0.5444761000316556
0.544020195645314
0.5437322387117146
0.5437875434713879
0.5441316039228093
0.544020195645314
0.5436156763590392
0.5443037974683544
0.5435540069686412
0.5437875434713879
0.5423728813559322
0.5443037974683544
0.5436646554461734
0.5443037974683544
0.5437875434713879
0.5436156763590392
0.5441316039228093
0.5444761000316556
0.5441316039228093
0.5440758293838863
0.5443037974683544
0.5441316039228093
0.5430925221799746
0.5435540069686412
0.5436646554461734
0.5435540069686412
0.5435540069686412
0.5437875434713879
0.5437875434713879
0.5439595192915876
0.5444761000316556
0.5430925221799746
0.5443037974683544
0.5437875434713879
0.5443037974683544
0.5440758293838863
0.5435540069686412
0.5444761000316556
0.5440151994933503
0.5430925221799746
0.5435540069686412
0.5440758293838863
0.5427672955974843
0.5440758293838863
0.5437875434713879
0.5440758293838863
0.5441316039228093
0.5440151994933503
0.5435056746532158
0.5436156763590392
0.5437322387117146
0.5437875434713879
0.5440758293838863
0.543903979785218
0.5438485804416403
0.5426307448494453
0.5440151994933503
0.5435540069686412
0.5437875434713879
0.543677073478398
0.5441316039228093
0.5440758293838863
0.5435056746532158
0.5441316039228093
0.5428027901077996
0.5440758293838863
0.5435540069686412
0.5441316039228093
0.5435056746532158
0.5435606060606061
0.543903979785218
0.5437875434713879
0.5440151994933503
0.5443037974683544
0.5444761000316556
0.5440758293838863
0.5443037974683544
0.5436156763590392
0.5444761000316556
0.5440758293838863
0.5437875434713879
0.5440758293838863
0.5437322387117146
0.5441316039228093
0.5440151994933503
0.5438485804416403
0.5440758293838863
0.5439595192915876
0.5440758293838863
0.5437875434713879
0.5440151994933503
0.5444761000316556
0.5441316039228093
0.5437875434713879
0.5438485804416403
0.5435540069686412
0.5433343838638512
0.5444761000316556
0.543903979785218
0.5440758293838863
0.5440758293838863
0.5437875434713879
0.5443037974683544
0.5435540069686412
0.5437875434713879
0.5435540069686412
