0.27747923790913537
0.5375668028921723
0.5439838220424672
0.5439838220424672
0.5439838220424672
0.5439838220424672
0.5503875968992248
0.32574129780833694
0.5440613026819923
0.550981633945535
0.5486134313397929
0.42318840579710143
0.5318080357142857
0.4638482813117345
0.529442970822281
0.5512615777706803
0.5453457048787789
0.5337530605106681
0.5429141716566868
0.5126262626262627
0.54976
0.5515075376884422
0.5514195583596214
0.27747923790913537
0.53379641998397
0.5505434782608696
0.5469412477286494
0.5451139556665626
0.5428571428571429
0.529636048526863
0.5264586160108548
0.5242988058872536
0.4791824375473126
0.5184933831014591
0.47320261437908495
0.5013888888888889
0.49962207105064255
0.5289957567185289
0.5403884041654939
0.5142439737034332
0.5337569499602859
0.5118138858596875
0.5351030387705205
0.525179856115108
0.5178791615289766
0.5566207309766327
0.553935860058309
0.46037735849056605
0.5577220674713711
0.49709864603481624
0.5566820276497696
0.5569620253164558
0.5578851412944393
0.5564047691837358
0.5558267236119585
0.5566124578091439
0.5574912891986062
0.5572232645403377
0.5575719649561953
0.558125
0.5580093312597201
0.5572232645403377
0.5584294172639452
0.5583566760037348
0.5583281347473488
0.5569932224276033
0.5576441102756892
0.5579078455790785
0.5580524344569288
0.5576441102756892
0.5583566760037348
0.5579800498753118
0.5566502463054187
0.5582841156356854
0.5580815945188415
0.5581829495955196
0.5490827164467332
0.5583566760037348
0.5579800498753118
0.5583281347473488
0.557469464453492
0.558125
0.5579800498753118
0.5583566760037348
0.5583566760037348
0.5583566760037348
0.5579800498753118
0.5579800498753118
0.5583566760037348
0.5579078455790785
0.5583566760037348
0.5584577114427861
0.5583281347473488
0.5584294172639452
0.5580093312597201
0.5579078455790785
0.5579078455790785
0.5584577114427861
0.544375
0.5504350628424106
