0.32787750791974657
0.4766355140186916
0.5537742150968604
0.5537742150968604
0.5537742150968604
0.5487194583455991
0.5537742150968604
0.5537742150968604
0.5516331243813923
0.5470881863560731
0.5537742150968604
0.5143472022955524
0.5537742150968604
0.5537742150968604
0.5530782029950083
0.5537742150968604
0.5537742150968604
0.5537742150968604
0.20821394460362944
0.548273844353423
0.5537742150968604
0.5555555555555555
0.46307385229540915
0.45998445998445997
0.5273311897106109
0.5464753587024329
0.0717628705148206
0.5535440319116294
0.5559085133418044
0.5560139638210093
0.5561904761904761
0.43493348756506656
0.32787750791974657
0.5561904761904761
0.5547398659431855
0.5552389996834441
0.5548549810844894
0.5545837382572076
0.5470485096434834
0.34653896386591204
0.5549169859514687
0.5550031075201989
0.5535893155258764
0.32787750791974657
0.32787750791974657
0.5523290986085906
0.5546597871654305
0.5559085133418044
0.547918683446273
0.5363984674329503
0.5512820512820512
0.5523996082272282
0.514265335235378
0.5360576923076923
0.35562675210252304
0.5421565334229089
0.50018443378827
0.4009508716323296
0.5558685446009389
0.5141202027516292
0.4563253012048193
0.5561904761904761
0.5569457811998716
0.5569457811998716
0.5569457811998716
0.5569457811998716
0.5569457811998716
0.5569457811998716
0.5569457811998716
0.5569457811998716
0.5569457811998716
0.5569457811998716
0.5569457811998716
0.5569457811998716
0.5569457811998716
0.5569457811998716
0.5569457811998716
0.5569457811998716
0.5569457811998716
0.5569457811998716
