00006356
00006410
00003614
00000939
00001532
00001886
00002171
00001604
00000992
00003982
00003618
00003866
00002912
00003683
00001348
00006547
00006345
00000378
00001073
00002616
00002238
00003624
00002101
00002433
00001068
00003381
00001138
00002318
00002058
00001748
00003366
00002717
00000312
00002164
00001352
00000010
00006811
00000002
00000090
00003682
00001045
00004353
00001702
00003388
00006375
00000727
00006566
00002951
00000368
00002681
00002071
00004275
00000238
00003022
00003026
00001942
00000332
00002537
00001597
00006295
00000349
00002239
00001567
00003508
00001891
00001961
00003461
00006589
00000205
00006719
00006370
00000050
00002206
00000881
00004321
00001539
00000005
00001864
00004332
00002364
00001187
00006732
00001860
00002982
00006298
00002432
00001333
00003691
00001533
00002457
00000557
00000395
00001765
00002514
00000001
00006657
00004201
00001798
00003342
00003285
00001405
00004348
00001368
00002753
00001556
00003769
00003069
00001166
00000968
00002017
00000518
00006663
00003302
00000631
00002372
00001753
00006374
00006651
00006670
00002269
00001585
00000176
00004362
00004098
00000623
00003778
00006641
00000873
00000774
00004276
00001623
00000413
00006463
00002009
00001807
00000490
00001559
00001986
00006505
00004065
00001385
00003860
00003295
00002155
00000025
00003254
00004119
00006852
00000598
00002509
00006737
00001029
00001739
00003484
00000652
00002184
00000637
00003142
00002910
00001144
00000153
00000962
00001868
00002370
00000970
00002020
00001733
00002589
00006623
00004118
00000463
00004383
00000116
00002933
00002644
00004245
00001298
00003573
00003073
00004143
00002350
00004257
00001304
00006464
00004349
00003812
00002619
00001995
00003699
00003272
00002726
00004052
00003649
00001110
00002029
00006601
00002599
00002336
00004197
00006296
00001470
00001250
00000991
00006822
00001009
00000721
00001421
00002394
00002837
00006372
00003429
00003489
00000585
00001747
00004139
00001586
00006627
00002580
00000684
00001926
00002794
00003523
00002446
00006759
00003049
00002900
00001499
00004077
00001510
00002876
00004344
00003612
00003154
00002716
00006738
00002111
00003115
00000334
00001742
00003623
00001443
00004114
00001317
00004053
00002968
00002597
00003000
00001740
00001339
00004289
00003212
00004070
00000119
00002435
00003404
00003800
00006441
00002830
00006785
00004253
00002609
00003307
00001415
00003695
00003933
00002865
00002276
00001985
00002962
00000858
00002059
00003340
00002958
00003756
00001472
00000579
00006606
00003928
00004088
00001761
00000731
00001469
00006346
00002674
00003509
00000241
00003810
00001237
00001126
00002723
00006596
00002680
00001670
00006576
00001402
00001116
00004051
00000901
00004099
00003521
00002243
00003244
00004107
00002403
00002126
00000600
00002062
00002596
00000517
00001306
00002010
00002119
00002829
00002221
00000888
00004092
00000428
00006534
00000132
00003749
00002756
00003167
00002997
00002137
00003801
00006720
00000253
00000769
00004388
00002918
00002527
00001614
00001672
00004343
00001403
00006334
00001018
00003446
00000902
00003261
00003125
00003488
00002146
00006498
00003432
00006524
00000169
00000209
00003348
00002863
00004097
00006449
00003680
00000014
00004156
00001549
00001867
00003914
00000540
00000915
00000434
00001954
00003271
00003360
00006364
00001330
00002932
00003891
00000895
00001049
00006681
00003906
00000603
00000655
00000742
00002928
00004268
00000375
00001536
00002287
00006668
00001474
00001038
00006860
00001834
00001458
00002474
00002003
00004288
00000816
00000214
00003617
00003164
00003785
00004067
00003141
00001464
00001583
00000036
00001417
00003650
00003772
00001838
00002659
00006478
00003328
00001179
00006706
00002558
00003518
00000016
00003720
00003276
00006791
00006382
00006394
00000481
00002692
00004068
00000106
00003634
00001154
00002971
00001484
00004155
00003309
00003744
00004195
00003915
00001922
00002993
00003059
00006503
00001750
00001515
00003646
00001113
00000746
00004100
00004009
00004157
00002271
00000682
00001093
00004285
00000309
00004008
00003721
00003852
00000738
00002319
00000763
00001019
00003228
00003198
00001094
00006846
00001357
00000121
00000783
00001647
00003784
00002349
00003802
00004342
00002203
00003055
00001815
00006526
00001641
00000663
00006391
00002078
00000179
00000027
00000750
00002867
00002043
00000550
00002728
00001540
00001521
00001392
00003923
00004058
00001468
00002920
00000876
00002953
00003739
00001413
00003896
00003818
00006582
00001326
00003723
00006569
00000649
00003588
00006667
00002679
00003339
00000430
00002039
00003834
00003480
00004185
00001482
00003529
00006722
00006419
00006433
00006549
00002533
00001783
00000138
00001680
00000859
00002549
00001162
00002092
00002795
00001951
00001881
00002665
00002343
00006289
00002448
00000596
00000128
00002767
00000976
00001530
00001440
00001547
00001790
00006287
00000371
00000423
00000009
00001264
00002431
00002683
00001652
00001971
00004126
00000388
00000344
00006388
00002307
00006513
00001956
00000839
00006314
00003262
00000359
00003990
00001158
00001668
00003677
00003920
00001347
00002990
00004103
00006573
00001446
00006850
00002383
00001944
00003014
00000324
00002703
00003357
00002190
00001663
00000616
00004295
00004040
00000264
00001847
00000917
00006332
00003655
00003777
00001457
00004284
00002118
00000544
00002573
00006848
00004113
00003408
00002540
00006779
00006420
00001285
00000097
00003236
00002557
00003294
00002402
00003791
00006369
00001308
00001810
00001573
00004255
00002799
00003298
00000880
00006488
00000828
00003872
00006843
00000252
00000965
00001435
00003157
00002828
00003538
00001719
00000819
00001984
00000865
00001861
00001139
00003770
00000511
00001044
00001946
00006647
00002232
00006348
00003798
00001950
00000959
00003042
00002556
00002050
00001937
00001052
00002729
00006489
00001858
00001607
00001222
00006676
00006636
00002511
00002217
00006460
00000174
00003804
00006744
00002201
00001631
00002852
00001362
00001136
00003124
00002258
00006499
00003344
00000685
00000083
00002685
00001649
00000467
00001754
00003088
00002122
00000519
00000498
00001808
00003869
00001735
00002641
00003787
00003638
00002447
00000266
00001152
00001813
00002776
00006540
00006403
00003441
00003036
00003096
00001498
00001797
00003547
00003692
00000441
00003783
00001888
00006331
00001770
00003352
00002412
00003629
00000762
00003327
00000967
00002150
00004176
00001513
00002044
00006520
00004306
00001375
00004381
00001003
00002588
00000824
00006615
00000743
00002585
00001865
00001564
00003895
00004339
00002453
00003856
00000709
00002390
00000444
00003673
00001077
00003853
00000690
00003678
00001903
00006858
00001201
00003927
00002604
00006399
00002735
00006845
00002213
00001207
00001202
00003238
00003471
00004224
00004004
00006631
00000645
00002427
00000480
00003737
00002273
00003005
00002545
00000853
00003581
00006773
00006402
00003481
00001322
00002544
00003355
00002718
00000054
00003420
00000972
00004326
00002819
00001115
00002424
00000829
00002113
00002505
00003970
00006577
00000342
00003576
00002772
00000285
00002670
00003809
00000698
00001184
00001191
00002672
00000150
00000808
00000594
00004394
00001789
00002373
00003085
00002538
00003451
00000295
00001397
00004117
00001726
00000377
00000697
00001262
00003315
00002429
00001062
00000705
00003099
00002306
00006655
00003265
00001625
00004252
00002499
00000804
00000250
00001683
00000866
00004248
00004063
00001930
00000163
00003009
00002231
00002345
00006770
00000863
00000704
00001993
00002699
00002917
00004319
00006565
00000159
00002342
00003967
00000110
00001209
00001541
00002814
00006688
00002298
00001387
00001650
00002938
00002465
00002994
00003728
00001817
00000075
00003793
00000262
00002193
00000536
00006303
00000068
00002620
00003751
00000999
00002176
00006634
00003120
00003349
00004089
00001337
00002752
00006754
00000466
00003283
00000478
00002354
00000984
00006840
00002230
00003204
00003220
00006554
00001359
00006556
00002252
00000340
00004030
00002305
00000236
00003197
00002893
00003249
00003893
00002897
00004399
00001399
00006511
00000626
00000045
00000065
00000041
00002476
00000599
00000979
00000367
00004328
00000985
00002064
00000914
00004233
00003119
00000445
00001032
00001531
00001751
00001028
00001645
00001904
00003405
00003606
00000588
00001920
00003234
00001651
00003458
00000712
00000877
00006707
00001442
00001366
00002363
00002100
00003857
00000482
00003453
00006782
00006412
00000188
00006716
00003235
00001143
00001050
00002355
00001004
00002507
00006294
00000739
00000793
00000504
00000973
00000522
00001039
00006746
00003046
00003178
00003281
00000203
00002784
00006322
00006522
00002972
00006442
00000391
00002909
00000838
00000996
00003835
00003421
00004382
00003513
00002675
00006819
00000293
00006379
00001321
00004359
00000562
00002907
00001592
00003729
00000589
00001852
00000184
00002824
00003733
00002314
00006430
00001996
00001605
00003064
00006437
00000906
00000832
00002218
00000928
00000038
00004145
00000215
00003364
00006805
00004007
00000640
00002725
00002138
00003647
00001963
00003422
00002445
00002715
00001486
00003117
00000382
00002247
00006415
00006807
00003292
00003551
00001780
00006418
00001367
00002812
00001414
00003867
00003854
00003951
00003651
00003040
00006570
00000279
00000955
00001717
00000801
00003786
00003885
00000882
00002033
00003473
00002440
00000583
00003231
00003702
00006789
00002732
00000831
00004355
00000170
00002084
00000190
00002393
00003767
00004125
00001502
00002519
00000080
00000247
00004278
00000980
00000797
00003337
00000049
00003080
00001814
00006740
00001982
00001824
00006343
00002381
00001319
00001149
00004204
00001660
00000363
00001674
00001409
00000006
00000726
00002789
00002627
00003687
00002941
00003590
00000390
00001300
00001841
00003443
00003813
00002884
00001517
00002581
00000107
00003789
00000297
00003379
00001665
00002569
00001365
00002587
00000758
00001056
00001667
00002483
00006827
00001219
00003902
00001883
00000130
00000237
00001562
00000269
00001211
00000775
00006506
00006693
00000526
00001341
00006812
00006841
00003539
00004266
00000313
00001146
00001491
00003134
00003775
00000520
00006480
00004148
00006751
00003875
00001934
00003170
00004085
00001899
00003842
00001514
00001460
00004323
00004380
00000842
00006515
00001426
00001692
00001574
00002749
00004191
00001823
00001476
00003890
00001315
00001239
00002142
00000799
00000355
00003656
00006486
00002022
00000622
00003418
00004075
00006632
00006313
00002516
00000995
00002099
00006689
00006633
00003542
00004149
00004036
00000248
00002049
00001253
00000460
00001216
00002183
00000778
00000383
00006362
00004259
00004138
00001941
00002773
00003072
00006650
00006466
00001223
00006708
00000510
00004049
00006821
00001508
00002740
00000440
00003748
00003586
00001305
00001394
00004307
00004042
00002503
00000094
00000798
00003862
00006519
00003437
00002294
00003438
00001493
00000827
00004192
00006438
00006389
00002788
00003945
00001957
00006593
00003887
00001344
00003266
00001212
00004370
00002048
00002034
00001336
00000218
00000397
00003274
00003807
00003343
00000335
00006711
00002739
00001483
00001274
00003741
00002954
00001906
00003477
00003732
00002779
00003808
00000402
00001582
00006405
00003561
00002657
00001156
00001546
00003317
00000084
00003877
00003697
00006536
00000912
00006718
00003830
00001345
00000433
00002658
00000060
00001080
00003582
00001193
00000587
00002748
00002165
00001040
00002472
00002562
00003118
00000033
00001713
00002786
00006309
00004324
00001026
00006483
00000429
00003485
00003829
00000977
00004392
00000183
00000316
00003753
00003952
00002011
00003450
00003944
00003922
00001461
00004218
00003280
00004078
00001205
00006712
00000450
00002607
00000448
00003799
00003670
00001217
00003979
00003870
00006467
00002400
00006560
00002070
00003674
00006472
00002019
00003591
00002368
00001854
00002631
00002839
00003424
00002894
00001132
00004329
00003372
00006285
00001825
00003180
00000326
00004141
00003574
00001481
00002552
00001170
00000186
00001452
00004249
00003493
00002904
00002874
00002593
00000926
00002334
00002359
00000472
00000427
00006808
00000921
00002967
00003427
00001380
00003556
00002297
00002376
00006446
00000064
00000272
00001877
00003889
00003953
00002922
00003464
00002466
00000868
00001561
00004386
00003326
00000571
00003610
00006504
00001923
00006440
00000078
00001947
00000867
00003293
00006584
00004334
00003462
00000787
00003129
00000134
00000137
00003983
00004211
00001001
00002651
00006788
00000854
00003067
00001151
00002237
00002428
00003371
00000126
00002594
00000157
00001316
00002160
00000770
00001384
00000361
00000338
00003548
00003645
00002965
00002248
00003603
00001428
00002423
00000103
00006421
00002351
00003973
00000358
00000321
00001242
00000092
00001060
00000650
00000015
00000674
00000805
00002147
00003978
00002811
00006713
00004373
00002485
00000105
00000708
00001325
00002892
00003325
00001606
00003742
00000461
00003762
00006826
00004028
00003882
00003844
00006425
00003403
00001737
00000632
00001940
00006748
00003087
00004208
00001991
00006702
00003457
00006749
00003255
00006477
00002572
00001331
00006763
00001788
00002930
00001764
00004350
00003263
00003313
00000003
00003463
00002236
00006653
00001960
00000864
00006533
00000308
00006855
00003361
00003382
00002450
00006411
00000886
00003074
00002063
00001494
00006339
00001288
00000724
00003030
00006500
00000289
00002347
00003858
00000933
00003554
00001596
00006310
00000848
00000303
00004105
00006778
00000220
00001351
00002902
00004080
00006494
00002512
00006424
00004258
00004384
00002348
00004251
00006622
00002270
00003782
00000039
00003003
00003417
00003331
00003706
00004158
00001872
00003527
00003975
00006616
00002550
00006336
00002491
00002570
00006409
00004316
00002185
00003289
00004246
00002414
00001140
00001911
00001313
00000127
00001462
00000707
00002704
00001160
00002140
00006730
00002369
00006429
00001301
00001879
00006669
00000658
00000807
00006380
00004082
00000189
00003336
00002152
00001642
00003431
00000643
00001609
00003416
00001487
00003226
00003478
00001011
00003719
00002093
00002758
00003931
00006417
00001762
00003738
00002181
00004241
00003750
00003487
00002765
00001441
00003501
00003908
00001312
00001232
00002338
00002860
00000954
00002890
00003831
00006368
00000636
00001832
00003696
00003324
00001095
00000785
00003604
00002486
00002205
00003560
00001236
00003094
00002698
00000405
00000635
00003015
00003018
00001131
00001646
00001658
00003621
00002388
00000346
00001430
00002199
00003490
00002633
00006800
00003109
00006329
00002571
00002384
00002738
00003726
00002023
00003104
00001679
00004367
00003988
00006485
00004366
00001318
00002615
00004120
00002284
00002128
00000278
00004027
00001728
00001643
00002074
00001070
00001334
00004223
00006745
00002869
00001119
00001710
00001972
00003039
00000416
00000817
00000553
00003402
00003163
00002691
00000818
00001324
00004376
00002590
00000800
00001277
00004265
00003981
00002335
00000175
00003878
00002781
00004389
00000634
00000754
00002500
00002067
00001031
00002769
00003917
00003435
00001021
00000971
00001081
00000318
00002861
00002124
00000294
00000950
00004041
00000282
00002719
00000809
00000922
00003926
00003932
00003565
00001088
00000328
00003537
00003963
00003323
00001016
00006474
00003919
00006856
00003062
00002382
00001706
00006772
00002097
00003250
00002405
00001218
00004083
00003652
00000497
00006365
00000987
00000875
00004076
00002714
00004129
00003251
00006450
00001842
00003989
00003822
00000447
00002426
00002459
00002282
00001007
00001811
00006493
00006680
00004035
00002438
00000208
00004144
00002066
00006684
00001198
00000424
00002261
00001727
00000903
00000714
00000681
00003788
00000392
00002864
00001501
00002194
00003992
00006859
00001839
00003168
00004016
00004281
00006628
00001524
00002025
00000934
00000044
00003839
00000833
00003498
00000869
00003332
00002944
00001566
00002123
00002001
00004271
00000436
00004330
00000788
00000142
00000694
00000213
00002662
00000961
00001745
00003740
00000891
00000638
00002808
00001102
00003863
00000122
00000224
00003195
00001267
00002764
00002315
00003482
00002251
00000662
00003968
00002567
00000904
00006283
00002833
00004346
00006378
00000407
00006428
00000417
00002144
00000085
00001526
00002275
00006447
00001550
00001878
00000350
00003496
00000087
00006542
00003305
00002535
00003440
00002946
00003622
00006832
00001047
00002224
00001369
00003390
00002579
00006509
00002643
00003399
00003827
00003270
00000748
00002862
00000487
00006527
00003796
00000067
00001714
00002517
00006658
00006787
00000283
00006545
00002600
00003977
00002903
00006619
00003881
00003200
00001851
00004045
00002531
00002264
00003492
00000477
00000509
00002132
00006458
00006360
00001332
00000072
00001374
00006700
00001297
00000791
00001182
00001097
00002502
00006581
00000981
00001821
00000846
00004318
00003368
00001429
00000506
00002091
00004273
00001915
00006844
00006358
00001455
00004264
00002008
00000167
00000499
00003901
00003472
00000053
00003549
00001617
00001190
00003455
00000621
00002700
00006282
00001918
00002702
00003592
00000577
00003017
00000892
00003828
00001449
00001685
00004153
00002656
00006587
00001283
00000228
00003532
00000496
00000885
00001917
00002254
00006308
00003394
00003745
00001955
00002125
00000786
00006281
00000052
00002660
00006644
00000686
00003540
00000432
00002574
00001035
00002156
00002018
00002274
00000370
00001188
00000930
00002454
00003825
00000541
00000281
00001598
00003032
00001853
00003550
00000777
00001553
00002834
00001992
00002260
00004286
00000821
00003864
00006597
00002141
00000351
00006319
00002148
00004287
00000931
00002870
00003954
00000158
00003502
00004183
00002228
00000299
00002134
00001034
00000989
00003886
00003563
00000893
00000946
00003466
00004112
00000716
00003667
00001912
00001249
00002887
00003019
00003781
00001836
00000551
00001880
00002313
00001913
00003847
00000251
00006617
00006806
00003995
00003849
00000276
00000703
00003570
00001622
00002623
00003101
00006317
00002844
00001684
00000074
00001558
00003921
00003962
00003007
00003058
00002891
00001998
00003470
00000706
00000958
00004074
00006366
00001259
00004047
00006502
00001061
00000560
00002186
00001017
00001804
00001340
00003093
00003984
00000364
00003406
00001962
00003950
00002256
00006548
00002915
00003159
00003468
00003334
00004055
00000123
00003138
00000322
00001358
00000508
00003428
00003993
00003156
00002030
00002229
00003045
00000590
00001320
00004104
00000924
00001589
00001433
00000257
00003260
00002024
00006609
00001620
00002881
00000226
00001612
00002970
00001175
00002521
00000475
00000442
00003888
00002451
00006495
00004188
00002663
00000144
00004173
00001611
00002235
00006333
00003589
00006824
00003824
00001465
00000022
00000147
00006352
00001208
00006496
00006475
00003012
00002041
00006823
00006818
00006456
00001234
00000768
00006618
00000040
00000532
00003948
00003395
00006733
00001637
00001974
00006613
00002117
00006729
00000688
00001141
00001379
00001504
00003362
00004240
00002178
00006767
00000852
00006612
00000693
00006476
00003712
00002857
00002613
00003717
00002707
00001033
00001901
00004154
00002868
00002246
00001734
00000830
00000670
00002783
00002053
00002755
00003600
00001931
00003594
00003191
00002116
00006692
00003057
00001287
00002090
00000918
00000639
00002529
00000185
00006608
00004243
00003275
00006626
00000529
00003949
00003900
00000354
00002197
00006755
00000765
00000109
00006682
00004202
00000913
00000381
00001640
00004015
00004160
00001376
00003607
00002523
00000018
00001008
00001172
00003679
00004199
00006487
00003815
00001543
00004301
00000611
00000756
00000000
00002187
00002494
00001048
00003569
00001862
00006555
00001229
00002108
00003068
00003136
00004111
00002611
00004061
00006530
00004238
00000091
00002280
00004109
00004133
00002853
00001268
00000943
00002916
00006431
00000862
00001805
00004189
00001870
00002080
00006721
00000795
00006629
00000723
00004198
00003609
00001796
00003288
00001845
00003001
00006532
00003149
00006760
00000079
00002727
00003817
00002145
00006717
00000814
00001178
00000898
00002712
00000245
00003287
00002378
00001148
00006764
00002568
00001386
00003330
00001905
00006741
00006725
00004398
00002327
00001701
00004232
00002045
00003598
00006691
00002586
00006728
00000582
00002952
00003620
00000507
00001630
00001871
00003715
00000376
00003013
00002352
00000597
00004137
00001626
00006735
00001275
00000443
00000093
00003091
00002013
00002791
00003246
00001936
00001758
00003112
00003545
00000771
00001803
00006349
00002760
00000749
00002693
00001916
00001174
00002612
00001599
00000687
00001230
00000932
00006436
00001576
00003359
00001830
00000454
00000916
00006831
00003100
00002626
00000453
00002461
00006839
00002366
00003044
00002650
00001919
00001185
00002525
00001328
00006361
00000210
00001648
00003672
00006551
00002987
00000513
00003637
00000231
00006580
00001122
00000935
00001130
00001529
00000426
00006697
00000710
00003937
00006784
00001096
00000063
00000849
00001709
00003278
00002741
00006704
00000664
00004221
00001214
00003227
00001450
00002174
00001812
00003910
00002444
00001411
00000415
00002420
00000180
00002027
00001887
00000365
00003676
00003531
00002452
00003846
00000164
00000491
00001291
00001395
00000399
00003730
00002397
00000051
00006803
00002278
00001784
00001353
00003131
00001228
00001928
00003841
00004024
00000835
00004196
00001600
00003495
00003761
00002777
00004393
00002648
00003282
00003861
00002949
00003407
00002988
00000081
00003242
00001023
00001953
00003707
00002007
00003071
00001884
00000195
00004044
00003526
00002667
00000037
00004037
00003469
00000211
00002157
00004135
00001555
00002268
00000291
00001527
00003304
00003474
00003615
00000298
00001855
00001523
00002324
00003193
00001135
00003792
00002490
00000619
00003724
00003938
00002603
00003912
00003301
00000667
00001897
00001518
00001827
00000207
00006834
00004234
00002489
00000689
00004031
00004291
00000990
00001966
00002914
00006835
00001505
00001408
00004029
00002889
00006837
00003063
00000315
00000733
00002109
00000017
00006815
00004064
00002255
00003412
00002430
00003253
00001542
00004136
00004090
00006452
00000565
00003297
00002731
00002563
00000302
00004262
00003291
00003943
00004216
00006766
00001479
00001043
00001772
00003321
00006462
00004357
00001975
00001677
00000953
00003544
00003126
00000711
00006599
00003567
00003522
00001782
00001619
00001243
00002960
00002392
00000076
00001894
00003442
00000737
00001072
00002240
00000431
00002188
00003225
00004335
00003559
00006404
00000772
00003089
00003038
00001943
00003757
00002281
00003873
00001165
00006761
00003504
00003718
00000813
00001082
00006318
00003960
00001244
00002678
00000997
00002757
00006461
00001342
00003657
00000156
00002530
00002859
00001520
00000141
00000944
00002840
00002075
00000558
00001615
00006757
00006768
00000523
00004364
00002955
00004087
00003644
00003925
00001169
00002856
00001278
00000166
00000439
00001723
00002198
00003803
00000802
00000994
00002553
00004345
00001276
00002110
00001756
00001027
00002614
00003643
00006337
00000730
00004193
00002295
00006687
00002793
00000280
00001844
00003153
00003310
00004293
00001591
00001673
00002510
00000464
00001251
00002330
00003318
00002425
00003367
00000139
00000333
00006775
00000059
00000178
00001769
00003161
00002170
00000406
00001323
00000884
00000488
00003430
00003116
00003820
00000046
00003700
00003172
00001111
00004002
00003415
00006376
00003113
00004368
00006327
00006734
00004320
00006325
00006637
00001431
00001069
00006635
00002471
00002687
00006392
00002526
00002419
00001981
00003123
00006661
00003913
00000420
00003306
00006321
00002694
00006353
00004311
00003765
00001203
00002046
00003658
00002259
00001401
00001693
00001447
00000923
00003387
00000713
00006575
00001983
00001863
00003759
00000595
00006320
00006611
00006497
00003439
00003077
00003805
00000400
00003534
00001467
00001857
00003648
00001051
00001792
00006792
00004132
00001743
00002470
00001382
00000129
00000459
00003354
00002130
00003929
00002014
00000455
00001120
00006794
00002167
00001978
00003375
00002925
00000168
00001373
00003449
00004294
00006604
00006701
00003207
00000095
00001552
00000555
00002098
00002076
00004019
00002559
00000539
00004206
00003747
00002998
00003602
00006709
00004207
00000610
00002054
00002127
00006559
00003971
00003247
00006765
00000032
00002617
00000384
00004277
00006602
00006690
00003955
00003568
00004190
00000776
00006747
00001293
00003267
00003303
00001938
00002360
00003363
00001914
00002832
00002973
00002208
00003023
00001335
00002442
00001794
00000243
00006465
00003633
00002169
00002416
00006408
00001418
00003768
00006828
00002241
00003961
00006445
00000676
00003425
00006797
00001779
00003821
00003859
00001167
00000352
00003964
00002785
00003143
00006342
00002520
00003185
00002768
00001707
00003479
00000268
00002790
00006646
00000314
00002332
00001511
00001168
00002191
00002821
00001760
00004033
00001506
00003599
00004124
00001579
00000479
00001224
00006804
00003076
00001806
00003507
00000133
00000584
00001471
00001500
00001939
00000019
00002796
00002055
00000140
00004236
00004062
00001438
00004254
00000362
00002543
00004130
00001254
00002012
00003654
00003774
00003218
00000586
00000319
00000261
00003411
00000267
00003351
00000851
00000661
00003659
00002746
00001800
00006340
00003897
00001908
00001074
00000160
00000330
00002016
00001893
00004164
00001638
00003277
00003776
00000353
00001669
00000111
00000843
00003780
00001378
00001121
00003284
00003987
00000114
00003524
00000514
00002233
00001085
00001525
00000677
00002293
00001024
00004217
00006723
00000605
00002292
00000566
00000747
00000780
00006810
00002028
00006795
00002467
00000235
00000945
00000484
00006649
00004187
00003054
00000982
00000779
00003179
00001980
00006640
00003448
00000719
00001364
00001423
00003043
00002477
00001875
00004312
00004168
00002733
00000273
00001924
00006703
00006328
00006714
00001396
00002722
00002649
00001895
00002984
00002804
00002911
00003997
00001833
00003795
00002358
00001453
00006552
00001145
00001041
00006323
00006541
00002308
00002522
00001994
00003070
00001776
00003051
00002456
00002211
00003192
00003299
00001157
00000225
00001945
00000204
00003664
00001545
00006813
00001572
00002082
00000230
00004242
00000062
00001874
00000259
00001509
00003075
00004272
00006742
00000004
00000755
00006387
00000604
00002866
00006384
00006439
00001383
00004023
00006842
00004094
00002301
00002407
00004244
00001907
00003976
00003095
00002136
00002021
00001083
00002353
00006776
00002806
00006679
00000556
00001432
00002778
00000729
00000834
00006307
00000373
00000449
00001793
00000607
00000568
00003257
00001512
00000753
00003252
00002242
00001065
00000240
00001826
00002754
00001662
00004239
00003006
00001042
00006357
00002730
00002929
00004325
00001238
00001233
00000494
00001570
00001544
00001738
00004166
00002317
00003663
00002341
00001554
00006671
00002085
00001636
00003162
00000889
00006371
00003790
00006696
00003084
00003814
00002601
00003636
00002216
00002361
00006316
00000956
00002639
00001785
00000061
00006801
00004215
00002628
00006665
00002635
00002669
00000104
00004182
00001279
00000974
00002462
00003746
00001091
00000286
00002536
00003065
00000149
00006305
00006531
00000909
00002711
00002873
00002000
00003851
00006750
00003181
00002551
00003940
00000239
00006781
00003848
00000564
00003434
00002032
00000591
00004127
00000855
00006583
00002708
00000966
00002094
00000512
00001744
00001964
00001055
00004001
00001967
00003033
00002878
00002357
00001424
00003675
00006572
00001310
00002173
00003398
00006292
00004300
00003160
00002496
00004304
00002102
00004250
00000761
00006568
00002759
00001522
00002775
00004274
00000339
00000767
00002999
00001921
00001419
00003098
00003173
00002638
00004397
00000548
00001309
00001282
00000419
00000680
00004228
00006656
00000576
00000574
00004046
00001076
00004247
00003811
00002377
00002177
00006443
00000082
00004151
00003823
00002826
00006591
00006306
00000601
00002592
00004305
00001079
00006624
00003209
00001968
00002566
00001843
00003146
00002385
00002250
00000012
00002326
00001391
00004000
00004387
00001389
00001269
00002037
00003230
00001568
00002640
00002478
00000254
00002367
00003383
00000456
00002709
00002877
00006847
00001595
00006695
00002480
00006724
00004263
00004003
00001873
00006413
00001372
00000757
00000380
00001137
00001732
00003121
00000307
00003939
00000387
00002263
00003350
00000951
00002038
00000438
00001473
00001632
00001988
00000975
00002406
00003370
00002227
00006798
00006829
00000146
00002630
00006820
00004351
00000543
00003224
00004360
00004050
00004226
00000473
00002481
00002524
00003736
00000143
00003752
00001910
00003102
00006304
00001578
00002215
00002374
00000691
00000071
00002172
00006825
00002576
00002632
00000505
00000325
00002468
00003865
00003758
00002329
00000545
00001686
00001104
00001866
00002646
00002421
00002841
00001724
00003273
00000910
00000614
00003640
00000288
00002333
00001698
00001002
00002771
00003373
00003840
00000612
00003377
00001718
00000993
00001089
00001759
00002886
00001099
00001272
00004171
00003025
00006698
00003713
00001086
00003959
00001078
00002479
00002871
00002245
00001659
00006715
00003214
00002919
00003685
00003625
00001406
00002966
00004131
00001774
00002515
00006660
00003832
00004026
00001885
00002088
00006451
00006864
00002959
00000117
00001127
00001393
00006664
00000300
00001720
00001593
00001965
00003608
00006344
00001741
00002854
00004374
00001876
00000630
00001731
00006685
00002458
00002121
00001221
00002139
00001488
00002196
00001952
00001654
00001594
00001621
00001537
00000736
00003169
00000162
00001327
00001535
00000021
00003139
00006762
00004363
00002926
00003510
00002872
00006561
00002316
00006538
00006301
00002923
00001448
00002858
00002159
00002995
00003369
00002763
00006523
00000327
00006620
00000102
00000593
00003392
00003562
00002882
00002992
00001711
00003639
00000515
00002823
00002325
00004377
00003078
00002219
00004296
00004309
00004260
00001213
00002964
00002561
00001927
00000219
00002299
00006381
00001773
00000172
00002518
00004219
00000715
00002286
00001053
00004333
00001227
00003279
00000493
00002939
00002578
00001192
00002322
00001445
00001639
00000538
00001434
00000198
00001577
00002817
00006851
00006817
00000878
00000872
00003241
00000244
00001006
00002645
00003579
00006383
00003965
00001892
00002706
00006455
00000964
00003248
00002056
00006459
00003528
00002618
00001898
00006470
00006284
00003155
00001697
00003447
00003693
00001258
00006293
00003986
00003459
00006769
00003329
00001932
00003205
00000369
00001497
00001840
00002942
00002654
00004214
00004057
00003130
00001014
00003210
00001935
00001987
00002797
00000412
00003797
00002115
00000740
00003701
00006492
00006686
00006710
00001422
00000306
00002310
00000810
00000617
00003308
00002434
00000249
00002961
00004317
00002337
00002935
00003595
00000578
00002095
00000837
00003103
00002668
00002031
00004178
00004298
00006736
00000290
00001176
00003031
00003503
00001746
00004313
00002365
00000516
00000457
00002820
00000115
00001186
00003029
00001171
00001103
00002175
00002652
00001456
00004369
00004084
00003467
00000077
00003613
00003341
00000152
00002843
00003024
00006588
00003358
00001270
00001437
00003773
00001260
00003669
00004123
00003690
00002253
00000941
00004121
00002189
00006341
00001828
00003837
00004279
00003208
00000201
00006288
00000527
00001588
00001013
00003883
00000766
00003517
00003206
00003722
00002991
00000233
00000136
00000193
00001970
00002661
00006683
00000741
00000304
00006727
00006491
00003202
00000521
00002262
00006567
00006853
00004072
00001235
00003008
00002331
00003627
00000007
00000414
00003316
00002598
00003876
00000485
00003385
00004021
00003918
00003903
00000547
00002720
00003114
00000665
00001489
00003996
00002548
00001763
00001681
00001801
00004175
00002847
00003605
00003476
00000066
00003182
00003727
00001495
00002815
00002005
00006861
00001768
00000911
00002192
00006592
00003553
00001608
00002896
00003483
00002120
00001444
00002112
00004177
00004134
00004212
00000421
00006507
00002277
00000699
00006838
00000222
00001314
00002637
00001781
00006614
00003286
00003346
00000056
00003475
00003338
00003374
00003868
00003958
00000608
00001616
00002163
00003079
00002214
00002989
00001451
00002379
00000320
00002800
00003836
00002344
00001890
00002401
00006590
00004200
00006694
00002846
00006457
00002688
00002285
00002209
00000131
00006586
00002792
00003184
00001090
00000850
00001266
00000870
00001816
00002105
00003974
00003456
00004361
00000660
00000629
00002356
00001507
00003322
00000008
00004336
00002107
00002825
00000728
00006290
00003215
00003194
00002114
00002300
00001791
00006752
00002770
00004014
00003688
00002210
00000628
00003665
00004340
00003575
00000936
00002449
00004222
00001059
00002153
00003871
00000366
00002813
00002464
00006286
00003047
00003946
00003892
00003020
00002004
00003311
00000735
00004180
00002908
00003082
00003535
00002980
00002803
00003597
00006564
00006796
00001850
00002226
00001194
00006865
00000495
00006444
00000963
00003525
00003216
00003056
00001114
00000386
00000360
00000717
00002782
00000760
00006726
00001161
00003222
00001292
00004225
00004169
00001682
00002780
00003764
00000947
00003391
00000462
00002057
00002244
00000301
00000641
00002695
00004163
00006777
00004161
00002974
00002404
00006645
00001902
00003268
00002089
00006435
00004302
00001666
00002532
00000897
00001736
00002195
00000907
00001633
00001721
00003584
00000100
00000573
00001869
00000890
00002272
00000099
00002207
00000559
00003491
00001241
00001933
00004205
00000034
00002710
00006347
00006814
00002488
00003934
00002684
00006833
00001087
00000957
00003969
00003596
00002487
00001820
00001199
00006603
00003500
00003806
00002389
00002947
00001613
00006739
00006862
00001124
00003092
00000476
00000374
00000317
00001150
00006416
00002977
00001560
00006448
00002986
00006830
00003037
00003419
00001722
00004170
00000468
00000275
00002647
00001058
00006780
00006562
00000524
00006338
00004220
00002495
00004280
00003176
00003907
00006652
00002391
00006529
00002077
00001757
00000781
00003616
00001569
00001071
00000227
00000096
00006490
00004310
00001997
00001496
00000537
00001656
00000927
00002636
00002482
00002469
00001439
00001098
00003779
00000683
00001215
00003725
00001699
00000260
00000108
00000644
00002492
00000469
00004299
00004371
00004013
00003174
00001463
00003628
00000165
00003766
00000270
00002036
00001155
00001195
00003203
00003935
00002047
00001412
00004079
00002583
00003108
00000284
00001755
00003924
00002380
00002288
00002473
00000486
00002212
00002052
00001492
00002560
00006546
00001420
00002513
00003041
00003083
00001427
00003140
00001064
00002304
00004147
00001210
00000471
00001655
00003585
00003165
00001118
00001459
00000845
00002605
00001107
00002888
00003631
00001129
00003709
00004115
00003259
00002677
00003127
00003930
00002610
00003630
00003533
00006351
00001949
00002655
00003557
00000919
00000409
00004128
00004269
00001240
00000998
00000899
00006799
00003122
00002879
00002750
00000331
00006377
00000784
00001712
00000653
00003353
00000823
00006482
00003714
00002906
00002948
00003290
00001388
00006354
00000796
00003754
00000055
00004020
00006479
00006563
00003016
00006373
00002736
00003626
00003763
00002103
00000113
00001245
00001563
00003505
00003980
00003011
00002497
00006521
00002441
00003314
00001889
00003061
00001329
00006510
00000217
00003320
00001634
00004235
00003711
00003333
00001575
00001066
00003641
00003107
00000124
00001286
00002162
00002015
00002182
00003552
00002362
00006585
00000569
00006535
00004005
00000844
00000394
00000647
00000372
00000580
00003221
00006312
00000234
00002409
00000675
00000196
00002774
00000393
00006678
00003543
00001787
00003499
00004096
00001252
00000908
00001123
00000879
00006512
00003021
00002584
00003335
00003972
00000942
00001999
00000764
00001410
00006363
00004352
00000337
00002690
00002168
00003187
00002200
00000948
00000356
00001584
00003681
00002696
00001012
00006423
00000618
00003148
00000535
00000336
00006793
00004396
00003632
00001979
00000549
00003904
00003213
00004338
00002913
00003512
00001200
00002068
00002493
00003147
00003233
00001627
00006579
00002564
00001159
00004209
00003564
00003232
00000500
00006395
00004054
