[ 18.   3. 135.  37. 180.   7.   3. 512. 219. 256.  76.  67.  98. 105.
  28.  20.  56.  15.  12.  15.  25.  34.   7. 175.  83.   6.  18.  45.
  70. 310. 124. 126.  39.  37.  37.  56. 343.  24.  17.  82. 101.  29.
  16. 132.  24. 593. 377. 680. 154. 128.  61. 663.  10. 215.  23.  83.
  54. 789. 273.   4.  44.  15.   8.  93. 149. 368. 315.  38.  12. 651.
  54. 130. 630.   1.   6. 100.  42.  17.  13. 318.  56. 288.  29. 731.
 149.   3. 576. 131. 499.  38.  75.  21. 300. 237. 129. 203.  10.  70.
   6.   6.  81.   8. 121.]
[0.64516124 0.99999992 0.49122802 0.05263157 0.50537629 0.49999994
 0.99999992 0.46886442 0.3699825  0.53717022 0.3928571  0.71212116
 0.600823   0.37229434 0.61818177 0.17391302 0.06896551 0.45901635
 0.49999995 0.         0.27586204 0.36734689 0.         0.41743114
 0.32692304 0.83333327 0.73170726 0.43478256 0.52830184 0.52927396
 0.49624056 0.53233827 0.59374995 0.56338023 0.27272724 0.59016388
 0.48098155 0.76190471 0.71428566 0.45454542 0.51461983 0.53968249
 0.39999996 0.44852936 0.32258061 0.4150943  0.10023865 0.15323644
 0.31496058 0.25875187 0.49484531 0.41150824 0.74999994 0.35514015
 0.86956516 0.49152538 0.19999998 0.59878783 0.74398245 0.47058819
 0.52307688 0.38095233 0.4444444  0.47945201 0.6220472  0.3221757
 0.00632911 0.53968249 0.56249995 0.41631795 0.3947368  0.26315787
 0.59234038 0.99999985 0.99999993 0.39999995 0.37288131 0.52173909
 0.73333328 0.4599406  0.48780483 0.3879828  0.46728968 0.35801102
 0.45098035 0.99999992 0.54241334 0.56291386 0.33064203 0.27272725
 0.4545454  0.         0.18181816 0.45408158 0.48124995 0.20234766
 0.66666661 0.34843202 0.72727266 0.49999995 0.4929577  0.66666661
 0.        ]
0.4689263390025266
18.0	13.0	0.6451612374609819
3.0	3.0	0.9999999166666703
135.0	207.0	0.4912280221042418
37.0	1.0	0.0526315735457064
180.0	192.0	0.5053762938663479
7.0	5.0	0.4999999430555604
3.0	3.0	0.9999999166666703
512.0	307.0	0.4688644218826127
219.0	354.0	0.3699825006393038
256.0	161.0	0.5371702161263836
76.0	36.0	0.39285709853316814
67.0	65.0	0.7121211610537226
98.0	145.0	0.6008229966434694
105.0	357.0	0.37229433700924214
28.0	27.0	0.6181817659504172
20.0	3.0	0.173913019281666
56.0	2.0	0.06896551034482792
15.0	46.0	0.4590163548508494
12.0	12.0	0.4999999458333384
15.0	0.0	0.0
25.0	4.0	0.275862043281809
34.0	15.0	0.36734689479384075
7.0	0.0	0.0
175.0	261.0	0.41743114441440665
83.0	21.0	0.32692304406435224
6.0	6.0	0.8333332694444477
18.0	23.0	0.731707264247475
45.0	93.0	0.43478256411468624
70.0	36.0	0.52830184093984
310.0	117.0	0.5292739646507167
124.0	275.0	0.49624055841609394
126.0	276.0	0.5323382651543312
39.0	25.0	0.5937499505371131
37.0	34.0	0.5633802301924266
37.0	7.0	0.2727272447314073
56.0	66.0	0.5901638837946831
343.0	472.0	0.48098154622666006
24.0	18.0	0.7619047092970552
17.0	11.0	0.7142856614795949
82.0	28.0	0.4545454157685982
101.0	70.0	0.5146198340822863
29.0	34.0	0.5396824882842071
16.0	4.0	0.39999996400000215
132.0	140.0	0.448529361478163
24.0	7.0	0.3225806081165489
593.0	255.0	0.41509429746824256
377.0	42.0	0.10023864539846872
680.0	77.0	0.15323644139471712
154.0	100.0	0.31496058193317117
128.0	529.0	0.25875187113511594
61.0	36.0	0.4948453131257351
663.0	1631.0	0.41150824134310066
10.0	6.0	0.749999943750003
215.0	641.0	0.35514014921636566
23.0	23.0	0.8695651636105889
83.0	35.0	0.4915253811692077
54.0	6.0	0.19999998133333474
789.0	861.0	0.5987878288105092
273.0	184.0	0.7439824461002955
4.0	13.0	0.47058819377162875
44.0	21.0	0.5230768777278142
15.0	27.0	0.3809523332199602
8.0	19.0	0.4444443994513069
93.0	53.0	0.47945200789079073
149.0	105.0	0.622047195105094
368.0	110.0	0.32217569664922224
315.0	1.0	0.006329113289136356
38.0	25.0	0.5396824900982657
12.0	20.0	0.5624999496093789
651.0	305.0	0.41631794809418177
54.0	22.0	0.3947367999307522
130.0	22.0	0.2631578696329662
630.0	545.0	0.5923403756927521
1.0	1.0	0.9999998500000123
6.0	6.0	0.9999999333333361
100.0	145.0	0.3999999513602724
42.0	17.0	0.3728813136455086
17.0	6.0	0.5217390873345962
13.0	17.0	0.7333332793333366
318.0	356.0	0.45994060284144983
56.0	26.0	0.4878048335514612
288.0	877.0	0.38798279533194924
29.0	78.0	0.4672896792383648
731.0	174.0	0.35801101858478335
149.0	55.0	0.45098035233083766
3.0	3.0	0.9999999166666703
576.0	261.0	0.5424133380751966
131.0	171.0	0.5629138577891363
499.0	2102.0	0.33064202971181783
38.0	6.0	0.27272724793388603
75.0	79.0	0.45454540398887383
21.0	0.0	0.0
300.0	41.0	0.18181816055589722
237.0	155.0	0.45408158460928244
129.0	191.0	0.48124995157617667
203.0	1586.0	0.20234766012658761
10.0	14.0	0.6666666125000036
70.0	217.0	0.3484320186235152
6.0	5.0	0.7272726644628134
6.0	2.0	0.4999999500000025
81.0	61.0	0.492957696776438
8.0	7.0	0.6666666080000038
121.0	0.0	0.0