00006356.png 8 13
00006410.png 54 58 73 79
00003614.png 52 63 73 77 80 96
00000939.png 10 32
00001532.png 14 31
00001886.png 51 70 87
00002171.png 8 12 30
00001604.png 46 52 58 87
00000992.png 47 48 58 73 80 103
00003982.png 44 52 66 67 80
00003618.png 44 48 59
00003866.png 46 52 59 70
00002912.png 54 58 66 95
00003683.png 73 93
00001348.png 46 58 73 80 82 93
00006547.png 40 54 89
00006345.png 5 17
00000378.png 50 87 101
00001073.png 9 56 66 87
00002616.png 11 46 58 73 80 93 103
00002238.png 46 58 65 84 85
00003624.png 58 73
00002101.png 8 67 82 94
00002433.png 8 37 54 70 84 87 95
00001068.png 52 70 89
00003381.png 64 89
00001138.png 3 46 58 73 80 93 101
00002318.png 46 52 84 95
00002058.png 46 94 96
00001748.png 48 52 66 76 91
00003366.png 67 71 84 89 93
00002717.png 8 25 30 58
00000312.png 3 46 52 58 102
00002164.png 54 58 73
00001352.png 48 65 87
00000010.png 5 9
00006811.png 17 67 76 87 103
00000002.png 58 67
00000090.png 10 73 94
00003682.png 8 10 30
00001045.png 5 8 30 52
00004353.png 37 67 84 89
00001702.png 8 10 22
00003388.png 48 64 65
00006375.png 51 52
00000727.png 3 51 87
00006566.png 84 85 97 98
00002951.png 57 78 84 89
00000368.png 5 9 73 84 88
00002681.png 24 58
00002071.png 52 67 87
00004275.png 10 30
00000238.png 48 66 85
00003022.png 38 52 58 80
00003026.png 3 8
00001942.png 8 10
00000332.png 13 37
00002537.png 41 44 67
00001597.png 25 61
00006295.png 40 56 66 76
00000349.png 47 58 91
00002239.png 56 65
00001567.png 46 70 72 96 101
00003508.png 8 58 73 84 85 87 89 94 96
00001891.png 46 73 89
00001961.png 8 30
00003461.png 8 84
00006589.png 9 12 35 67 68 73 76
00000205.png 34 54
00006719.png 10 36
00006370.png 24 47 81
00000050.png 47 67 84
00002206.png 70 87 93
00000881.png 48 52 58 73 82
00004321.png 24 47 58 73
00001539.png 8 47 58 59
00000005.png 48 73 89
00001864.png 48 73 80
00004332.png 46 59 67 94
00002364.png 46 52 70 84 85
00001187.png 89
00006732.png 8 10 22
00001860.png 52 58 87
00002982.png 52 73 84 88
00006298.png 9 47 79
00002432.png 24 47 89
00001333.png 46 49 52 58 73 80
00003691.png 25 30 41 52
00001533.png 14 37
00002457.png 48 67 73 89
00000557.png 37 50 52
00000395.png 48 49 64 87
00001765.png 46 52 70 72
00002514.png 37 48 66
00000001.png 52 70 82 93
00006657.png 46 66 71 85 90 93
00004201.png 5 8
00001798.png 56 73
00003342.png 37 54 58 84 96
00003285.png 5 35 52 73 80 82 91
00001405.png 48 58 73 80 93
00004348.png 3 28 37 52 73
00001368.png 48 66 84 87
00002753.png 54 73
00001556.png 10 13
00003769.png 5 52 88
00003069.png 8 10 30
00001166.png 8 30 31 32 40 42
00000968.png 11 47 52 84 93
00002017.png 14 37
00000518.png 50 77 93
00006663.png 28 66 68 75 82
00003302.png 47 61 64 72 96 101
00000631.png 46 52 59 70
00002372.png 46 49
00001753.png 8 30
00006374.png 3 5 6 52
00006651.png 73 96 101
00006670.png 57 68 76 103
00002269.png 8 30 58
00001585.png 30 40 58
00000176.png 46 58 73 80 82 93
00004362.png 21 47 50 66
00004098.png 70 73 96 100
00000623.png 52 84 87 88 94
00003778.png 30 54 89
00006641.png 57 58 81
00000873.png 52 56 85
00000774.png 46 58 80
00004276.png 67 80 87 91
00001623.png 8 9 10 13 31
00000413.png 72 87 103
00006463.png 40 56 80 82
00002009.png 48 66 82
00001807.png 9 13 58 88 89
00000490.png 52 58 80 82
00001559.png 8 30 32 58
00001986.png 5 52 82 88 89 95
00006505.png 58 81
00004065.png 48 64 87
00001385.png 48 52 67 94
00003860.png 5 8 73 84 87 94 96
00003295.png 24 65 82 84 89 98 103
00002155.png 48 66 73 80
00000025.png 47 59 85
00003254.png 46 65 72 87 101
00004119.png 37 47 65 80
00006852.png 40 89 94
00000598.png 49 52 58 65
00002509.png 8 10 30
00006737.png 5 17 52
00001029.png 54 72 89
00001739.png 12 33 36 76
00003484.png 8 31 67
00000652.png 8 30 42
00002184.png 52 58 84 87
00000637.png 48 70 84
00003142.png 9 58 73 89
00002910.png 46 52 58 73 80 93 94
00001144.png 48 66 84
00000153.png 10 31
00000962.png 46 70 84 89 91
00001868.png 10 31
00002370.png 46 66 71 87 98
00000970.png 49 52 63 87
00002020.png 47 65 84
00001733.png 48 77
00002589.png 28 56 66 73 87
00006623.png 17 23 28 58
00004118.png 12 25 29 37 44
00000463.png 58 73 89
00004383.png 5 8 30
00000116.png 30 67
00002933.png 8 48 89
00002644.png 37 48 59 80 96
00004245.png 61 73 89
00001298.png 58 65 87
00003573.png 48 59 70 84 91
00003073.png 48 66 87
00004143.png 48 70 87
00002350.png 58 59 81
00004257.png 48 70 87 103
00001304.png 58 84
00006464.png 73 80
00004349.png 54 84 95
00003812.png 21 47 52 70 84
00002619.png 48 82 84
00001995.png 41 52 58 80
00003699.png 52 73 76 84 88 94
00003272.png 46 52 70 89 94
00002726.png 5 58 84
00004052.png 57 58
00003649.png 46 59 73 82 84 89 94
00001110.png 8 9 58 84 89
00002029.png 52 58 70 95
00006601.png 6 19 20
00002599.png 48 73 80 82
00002336.png 8 56
00004197.png 8 70 84 93 94
00006296.png 40 56
00001470.png 58 73 80
00001250.png 8 48 88
00000991.png 10 31 89
00006822.png 40 48 66 94
00001009.png 54 66 87
00000721.png 8 41 67
00001421.png 48 52 60 89
00002394.png 37 56 58
00002837.png 46 66 72 84 87 101
00006372.png 20 49
00003429.png 14 47 81 87
00003489.png 25 48 95
00000585.png 47 59 70
00001747.png 72 73 84 87 94
00004139.png 52 58 73 96
00001586.png 46 52 73 87
00006627.png 55 56 65
00002580.png 61 73 89
00000684.png 47 50 70 87
00001926.png 52 73 89
00002794.png 37 73 94
00003523.png 24 25 58 84
00002446.png 9 58
00006759.png 49 84
00003049.png 52 82 87 88 94
00002900.png 47 58 66 73 87
00001499.png 59 67
00004077.png 4 10 30 32
00001510.png 82 93 94
00002876.png 3 58 73 80 82
00004344.png 84 89
00003612.png 53 59 70
00003154.png 58 67 73 76
00002716.png 32 67
00006738.png 14 36 89
00002111.png 9 47 59 70
00003115.png 57 58
00000334.png 25 37 78
00001742.png 46 70 84
00003623.png 49 93
00001443.png 59 64
00004114.png 48 52 58 59 70
00001317.png 58 59 65
00004053.png 3 52
00002968.png 10 29
00002597.png 47 59 64
00003000.png 10 13
00001740.png 8 30 41 42 43 44
00001339.png 46 70 84 91
00004289.png 8 30
00003212.png 5 13
00004070.png 8 46 52 70
00000119.png 47 66 72
00002435.png 8 46 73 80
00003404.png 54 82
00003800.png 48 52 66 87
00006441.png 25 89
00002830.png 46 73 89
00006785.png 48 73 81 82
00004253.png 10 29
00002609.png 3 54
00003307.png 47 52 65 84 96
00001415.png 9 24 25 58
00003695.png 44 54 77 84 85 89
00003933.png 5 8 58 73 82 84 87 88 94
00002865.png 48 73 87 94
00002276.png 48 73 80 94
00001985.png 67 80 84
00002962.png 67 73
00000858.png 9 46 52 58
00002059.png 15 24
00003340.png 50 54 73 80 84 94
00002958.png 5 84 88 94 102
00003756.png 44 48 66 96 98
00001472.png 47 70 84 85
00000579.png 37 58 70 87
00006606.png 3 17 58
00003928.png 37 46 52 54 83 84 87
00004088.png 24 47 58
00001761.png 52 73 82 84 87 89 94
00000731.png 48 49 65
00001469.png 67 70 73 81
00006346.png 8 12 40
00002674.png 41 48 58 80
00003509.png 31 47 52 59 66 95
00000241.png 46 59 89 96
00003810.png 30 37 52 67
00001237.png 3 61
00001126.png 11 48 66
00002723.png 48 66 84 87
00006596.png 5 8 52
00002680.png 48 66 84 87
00001670.png 46 58 73 80
00006576.png 12 36
00001402.png 52 58
00001116.png 21 37 48 66 73 89
00004051.png 46 48 52 58 73 80 89
00000901.png 48 58 64 95
00004099.png 8 30 58
00003521.png 54 59
00002243.png 10 30
00003244.png 8 13 58
00004107.png 48 72 84 87 103
00002403.png 8 9 10 31
00002126.png 14 24 49
00000600.png 9 24 48 58 94
00002062.png 3 14 45 46 58 73 80
00002596.png 8 40 44
00000517.png 34 46 58 94
00001306.png 37 48
00002010.png 52 67
00002119.png 4 30 58
00002829.png 54 70 87 96
00002221.png 8 54 66 87
00000888.png 48 64 72 87
00004092.png 37 47 66 87
00000428.png 30 43 58 73
00006534.png 5 8 22
00000132.png 16 44 52 58
00003749.png 37 48 93
00002756.png 8 17 30 41
00003167.png 48 70 87
00002997.png 46 70 73 87
00002137.png 46 58 73 93
00003801.png 52 58 103
00006720.png 11 35 56 88
00000253.png 52 58 73 82 98
00000769.png 30 47 66
00004388.png 48 52
00002918.png 52 58 67 80
00002527.png 51 70 72 84 85 87 96
00001614.png 8 50 85
00001672.png 9 58
00004343.png 11 47 57
00001403.png 10 37
00006334.png 51 89
00001018.png 52 58
00003446.png 15 58 84
00000902.png 48 66 94 96
00003261.png 41 44 48
00003125.png 48 59 70
00003488.png 8 44 52 67 89
00002146.png 47 73 87 91
00006498.png 8 39 58
00003432.png 37 48 94
00006524.png 10 22
00000169.png 14 37
00000209.png 47 59 70
00003348.png 8 31 89
00002863.png 46 52 58 70 84
00004097.png 3 8 67
00006449.png 9 73 82 84 94 95
00003680.png 5 8
00000014.png 46 71 84
00004156.png 14 37
00001549.png 8 41 80
00001867.png 8 48 82 84
00003914.png 37 58
00000540.png 37 48 52 64 87 89
00000915.png 47 66 84
00000434.png 44 49 66
00001954.png 17 47 73 89
00003271.png 37 48
00003360.png 5 52 73 82 85
00006364.png 40 48 70 87
00001330.png 14 50 52
00002932.png 37 46 65
00003891.png 10 13
00000895.png 58 70 84
00001049.png 24 52 58 73 80
00006681.png 11 39
00003906.png 48 72 82
00000603.png 52 66 73 80
00000655.png 47 70 76 95 98
00000742.png 8 37 52 54 58 95
00002928.png 49 70 72 87
00004268.png 11 48 70 95
00000375.png 37 51 89
00001536.png 44 48
00002287.png 44 58 103
00006668.png 6 8
00001474.png 47 66 73 89
00001038.png 8 30 37
00006860.png 85 98
00001834.png 52 70 84
00001458.png 24 41 44 49 52 67 89
00002474.png 25 29 36 82 101
00002003.png 58 64 84 95
00004288.png 50 52 59 70
00000816.png 10 30
00000214.png 52 65 87
00003617.png 8 46 70 84 87
00003164.png 48 66 84 87
00003785.png 3 5 8 25 30 38 41 44 52 58
00004067.png 24 46 59
00003141.png 37 50 70 84 94
00001464.png 41 58 73 80
00001583.png 54 58 59 87
00000036.png 5 57
00001417.png 48 58 65 87 93
00003650.png 46 52 58 93
00003772.png 8 10 81
00001838.png 37 48 70 89 95
00002659.png 8 48 88
00006478.png 49 93
00003328.png 30 58 103
00001179.png 14 44
00006706.png 21 24 47 49 73
00002558.png 48 70 87
00003518.png 37 54 58 84 89
00000016.png 37 54 93
00003720.png 48 66 70 96
00003276.png 48 70 84 87
00006791.png 52 53 65 82 89
00006382.png 12 29 39
00006394.png 37 54 96 99
00000481.png 71 80 89 93 94
00002692.png 9 29 58
00004068.png 48 70 76 84
00000106.png 4 8 13 30 58
00003634.png 56 58 65
00001154.png 48 52 88
00002971.png 8 59 61
00001484.png 32 67
00004155.png 8 30
00003309.png 3 46 50 58 73 80 103
00003744.png 30 67
00004195.png 48 64 87
00003915.png 48 66 76
00001922.png 48 52 66 84 95
00002993.png 8 10 30
00003059.png 90
00006503.png 48 93 98
00001750.png 8 30
00001515.png 8 10 30
00003646.png 8 46 58 64 72 84 87 93
00001113.png 47 65 72 84 87 101
00000746.png 48 65
00004100.png 56 59 70
00004009.png 8 46 58 73
00004157.png 30 58 89
00002271.png 56 58 66 73 87
00000682.png 48 58 73 82
00001093.png 12 48
00004285.png 37 48 91
00000309.png 46 66 76
00004008.png 10 31
00003721.png 67 70 84 87
00003852.png 47 70 84
00000738.png 5 50 72 94
00002319.png 5 15
00000763.png 51 70 84 95
00001019.png 5 39 52 89
00003228.png 48 65
00003198.png 54 65 84 87 98
00001094.png 9 47 58 82
00006846.png 9 36
00001357.png 48 70 84
00000121.png 12 36
00000783.png 48 72 84 87
00001647.png 46 77 84
00003784.png 47 52 70 84
00002349.png 3 46 58 73 80
00003802.png 48 52 58 59 80
00004342.png 13 58
00002203.png 10 37
00003055.png 49 52 67 73 89
00001815.png 52 58 84 88 89
00006526.png 15 29
00001641.png 5 15
00000663.png 3 57
00006391.png 70 84 90 93
00002078.png 21 48 64
00000179.png 37 46 54 87 89
00000027.png 48 66 96
00000750.png 24 47 98
00002867.png 48 52 84 96
00002043.png 3 9 46 58
00000550.png 30 32 42 52 84 87 89
00002728.png 73 80 84
00001540.png 9 48 52 58 59 80
00001521.png 48 64 70
00001392.png 46 73 80 89
00003923.png 48 70 72 96
00004058.png 52 65
00001468.png 47 82 96
00002920.png 49 70 73
00000876.png 12 29 30 32
00002953.png 13 25 31 49 67
00003739.png 39 58
00001413.png 39 52
00003896.png 49 67
00003818.png 12 29 30
00006582.png 34 56 89
00001326.png 48 52 73 80 82 103
00003723.png 48 70 84 89
00006569.png 55 59 73 80
00000649.png 52 84
00003588.png 14 16 37
00006667.png 6 81
00002679.png 48 70 84 103
00003339.png 47 48 64 87
00000430.png 24 58 73 80
00002039.png 24 66
00003834.png 84 87 90
00003480.png 10 31
00004185.png 12 22 25 44 58
00001482.png 8 10 31
00003529.png 24 49 73 82
00006722.png 68 92
00006419.png 58 89 98
00006433.png 34 45 89
00006549.png 25 51
00002533.png 48 66 84 93
00001783.png 21 49 70 93
00000138.png 48 50 77 103
00001680.png 44 52 78
00000859.png 3 46 47 58 73 80 93 101
00002549.png 8 30
00001162.png 9 35 73 82
00002092.png 47 52 70 71 96
00002795.png 51 70 84 95
00001951.png 8 11 52 58
00001881.png 46 65
00002665.png 48 66 89 94 96 101
00002343.png 10 30 31 32
00006289.png 11 66 81 93 94
00002448.png 47 59 70 89
00000596.png 49 52 58 84 88
00000128.png 56 67 73 82
00002767.png 48 84 88
00000976.png 14 46 57 70 73 80
00001530.png 47 56 59
00001440.png 8 10 30 32
00001547.png 8 37 54 70 76 84 85
00001790.png 11 37 54 87 93
00006287.png 1 4 58
00000371.png 67 87 89 103
00000423.png 11 18 46 80
00000009.png 47 84 95
00001264.png 13 30
00002431.png 1 49 52 72 84 87 88
00002683.png 46 84 87
00001652.png 8 46 87 95
00001971.png 48 66 83 87 95
00004126.png 48 73 89
00000388.png 47 70 84
00000344.png 44 48 73 76 87
00006388.png 46 76 98
00002307.png 70 87 101
00006513.png 8 10 36
00001956.png 48 64 73 91
00000839.png 67 73 80 84
00006314.png 8 10 31 34
00003262.png 48 52 87
00000359.png 46 70 84 89 98
00003990.png 5 8 72 73 79 82 83 94
00001158.png 82 93
00001668.png 24 30 58
00003677.png 46 59 66 70 84
00003920.png 51 59 84 85
00001347.png 73 82 93 94 101
00002990.png 30 62 84 88
00004103.png 47 65 73 94 96
00006573.png 56 68
00001446.png 24 27
00006850.png 35 46 70 93
00002383.png 48 50 87
00001944.png 8 30 58
00003014.png 51 59 70 77 84
00000324.png 8 72 82 84 88 94
00002703.png 48 65 87
00003357.png 24 52 58
00002190.png 58 67 82
00001663.png 3 46 58 59 80
00000616.png 8 84 88
00004295.png 3 58 80 93
00004040.png 58 61
00000264.png 46 58 70 87
00001847.png 8 44 89
00000917.png 48 80
00006332.png 41 45
00003655.png 10 30
00003777.png 48 87
00001457.png 9 11 46 58 73 89 92
00004284.png 37 46 52 56 85 96
00002118.png 10 30
00000544.png 47 84
00002573.png 30 67
00006848.png 40 58
00004113.png 8 50 73 87
00003408.png 46 58 70 72 84 87 88
00002540.png 47 70 87
00006779.png 5 17
00006420.png 36 47 71 85
00001285.png 35 38 47 58 73 94
00000097.png 10 52
00003236.png 4 5
00002557.png 48 72 87 103
00003294.png 49 70 95
00002402.png 8 12 30 58
00003791.png 46 66 84
00006369.png 9 47 98
00001308.png 67 76
00001810.png 8 50 89
00001573.png 46 70 95
00004255.png 21 48 70 77
00002799.png 48 65 84
00003298.png 10 44 54 84 89 94
00000880.png 8 10 13
00006488.png 9 19 67
00000828.png 46 52 58
00003872.png 48 70 84 87
00006843.png 45 56 65 82
00000252.png 12 30 34
00000965.png 52 53 56 66 87
00001435.png 31 67 70
00003157.png 37 48 52
00002828.png 37 54 73 84 85 89 93 98
00003538.png 5 8 30 32 89
00001719.png 14 46 70 96
00000819.png 48 52 67
00001984.png 46 70 72 73 87 89
00000865.png 3 46
00001861.png 48 66 84 89
00001139.png 9 10 30
00003770.png 48 52 58 64 87
00000511.png 41 52 65 73
00001044.png 48 58 73 76 80
00001946.png 9 49 52 58 73 80
00006647.png 14 25 40 84 89
00002232.png 46 52 70 96
00006348.png 10 14 17
00003798.png 57 73 93
00001950.png 10 30
00000959.png 10 31
00003042.png 47 59 66 73 93 94 96
00002556.png 47 70 95
00002050.png 37 54 73 87
00001937.png 3 11 52 94
00001052.png 47 66 84 103
00002729.png 52 67 73 89
00006489.png 5 17
00001858.png 5 25 52 89
00001607.png 48 70 77 80 84 102
00001222.png 58 64
00006676.png 3 5 8 17 31 36
00006636.png 25 80
00002511.png 48 84 91 101
00002217.png 3 47 52 58 73 80
00006460.png 8 36 58
00000174.png 9 10 16 44 89
00003804.png 48 52
00006744.png 30 40 42
00002201.png 5 13
00001631.png 48 65
00002852.png 48 59 65 70
00001362.png 54 58 87
00001136.png 48 59 66
00003124.png 47 66 87 94
00002258.png 37 47 89
00006499.png 34 56 80 89 93
00003344.png 48 66 70 87
00000685.png 45 49 67
00000083.png 52 76 82 87 94
00002685.png 47 70 84 93 101
00001649.png 46 70 87 98
00000467.png 10 29
00001754.png 14 37
00003088.png 47 67 82 89 93
00002122.png 54 56 73 82 91 93
00000519.png 9 48 58 65
00000498.png 46 52 58 71 80
00001808.png 51 69 70 93
00003869.png 9 48 58 73 80
00001735.png 54 66 73 84 89 98
00002641.png 25 40 41 67 70
00003787.png 47 65 95
00003638.png 24 49 58
00002447.png 46 70 84 93
00000266.png 3 46 58 73 93
00001152.png 5 84 87 90 94
00001813.png 5 84 103
00002776.png 24 47 58 84 101
00006540.png 14 37
00006403.png 20 34 66
00003441.png 3 46 49 52 58
00003036.png 48 52 70 84 85
00003096.png 41 67
00001498.png 37 48 66 89
00001797.png 48 66 87
00003547.png 49 52 58 88
00003692.png 10 25
00000441.png 31 58
00003783.png 46 73 87
00001888.png 50 70 84 96
00006331.png 56 71 90 94
00001770.png 64 73 87
00003352.png 8 37 44 59
00002412.png 52 82 84 94
00003629.png 48 66 84 95
00000762.png 48 59 93
00003327.png 46 59
00000967.png 37 46 52
00002150.png 65 84 89 98
00004176.png 46 52 72 89
00001513.png 10 32
00002044.png 46 59 70 73 89
00006520.png 17 41 58 103
00004306.png 21 46 70 89
00001375.png 48 57 84 88
00004381.png 8 67 84 96
00001003.png 8 37 67
00002588.png 56 85
00000824.png 5 13
00006615.png 45 48 59 82 93
00000743.png 47 48 65 96
00002585.png 8 54 59 70
00001865.png 46 70 84 88 91 93
00001564.png 8 50 59 70 73 80 82 84 93 94
00003895.png 10 41
00004339.png 8 46 70 84 93
00002453.png 48 70 84 96
00003856.png 12 41 42 44
00000709.png 37 46 87 89 101
00002390.png 46 50 82
00000444.png 3 46 73
00003673.png 51 67 87 95
00001077.png 47 58 87
00003853.png 37 48 70 84 87
00000690.png 46 70 87
00003678.png 52 66 73 84
00001903.png 46 48 84 87
00006858.png 11 44 46 49 52
00001201.png 9 46 70 85
00003927.png 5 49 54
00002604.png 24 29 32 67
00006399.png 14 78
00002735.png 48 59 66 87
00006845.png 12 30 40
00002213.png 52 58 73 93
00001207.png 49 89
00001202.png 8 73 82 84
00003238.png 8 46 58 80 93 94
00003471.png 4 8 10 30
00004224.png 25 73
00004004.png 47 65 96
00006631.png 8 36 48
00000645.png 54 73 89 93 95
00002427.png 24 44 50 70 73 94
00000480.png 14 47 59
00003737.png 28 46 52 58 80 82 103
00002273.png 3 46
00003005.png 3 48 52
00002545.png 15 59 67
00000853.png 9 24 29 47 49 58 80
00003581.png 30 52 58
00006773.png 48 81 89
00006402.png 8 36
00003481.png 32 67
00001322.png 46 59 70
00002544.png 54 73 80
00003355.png 15 37 80 82 94
00002718.png 47 48 95
00000054.png 5 8 84
00003420.png 46 84 89
00000972.png 10 30 32 46 58 59 80
00004326.png 11 47 52 59 71 77 78 89
00002819.png 47 52 82 89
00001115.png 64 66 73 89
00002424.png 8 84 88 89
00000829.png 52 67 70 73 88 89
00002113.png 24 50
00002505.png 8 24 73 82 84 88
00003970.png 8 30 32
00006577.png 32 34
00000342.png 8 41 58 73 84
00003576.png 46 82 84 91 93
00002772.png 71 73 93 94
00000285.png 16 46 58
00002670.png 49 85
00003809.png 5 48 65
00000698.png 48 58 59 70
00001184.png 3 9 46 50 58 73 80
00001191.png 48 59 70 95
00002672.png 3 8 37 48
00000150.png 8 10
00000808.png 48 84 93 96
00000594.png 48 70 72 87 96
00004394.png 46 65 73 89
00001789.png 5 8 73 80
00002373.png 5 48 52 88
00003085.png 3 46 58 82
00002538.png 52 73
00003451.png 13 48 66 84 87 94
00000295.png 57 84 88
00001397.png 46 50 70 92
00004117.png 10 13
00001726.png 80 84
00000377.png 51 59 70
00000697.png 8 84 88
00001262.png 46 70 84
00003315.png 46 52 59 70
00002429.png 58 70 95
00001062.png 50 84
00000705.png 48 73 87
00003099.png 46 66 84 87 93 98
00002306.png 8 54 55 70 84 89
00006655.png 9 90 94
00003265.png 30 58
00001625.png 8 30 40
00004252.png 37 47 70 73 82 89
00002499.png 65 67 73 77
00000804.png 33 58
00000250.png 3 46 50 84 89 93
00001683.png 48 70 76 84
00000866.png 48 58 70 87
00004248.png 46 70 87
00004063.png 54 89 96
00001930.png 51 70 85 89
00000163.png 48 49 66 87 93 96
00003009.png 24 46 93 94 96
00002231.png 54 70 84 95
00002345.png 48 66 87
00006770.png 79 102
00000863.png 73 82
00000704.png 30 34 40 44 52
00001993.png 11 51 85
00002699.png 48 66 82 84
00002917.png 46 66 87
00004319.png 46 58
00006565.png 12 81
00000159.png 48 59 70 84 94
00002342.png 8 10 32
00003967.png 46 70 84
00000110.png 54 70 72 84 87
00001209.png 48 80 101
00001541.png 8 24 37 48 80 84
00002814.png 9 35 94
00006688.png 3 34 37 73 83
00002298.png 13 58
00001387.png 9 54 70 84
00001650.png 52 68 73 84 87 103
00002938.png 48 87
00002465.png 3 8 37 89 103
00002994.png 52 88 89
00003728.png 48 70 87
00001817.png 10 31
00000075.png 4 10 24
00003793.png 4 8 10
00000262.png 18 48 67 87
00002193.png 72 84 88
00000536.png 54 66 72 84 89
00006303.png 69 89
00000068.png 9 14 52 58 73 93
00002620.png 30 32 58
00003751.png 25 67
00000999.png 50 73 80
00002176.png 12 30 41
00006634.png 20 22 52 87 93
00003120.png 50 58
00003349.png 10 25 29 44
00004089.png 37 54 84 89 96
00001337.png 8 10 30
00002752.png 47 52 89
00006754.png 40 45 89
00000466.png 46 56 66 93
00003283.png 28 66 73 93
00000478.png 10 15
00002354.png 61 82 89 94
00000984.png 52 64 87
00006840.png 47 68 88 89
00002230.png 47 66 96
00003204.png 50 73 80
00003220.png 11 46 84
00006554.png 56 79 89
00001359.png 47 73 82
00006556.png 27 67
00002252.png 48 73 87 91
00000340.png 37 48 76
00004030.png 29 30 31
00002305.png 37 46 89
00000236.png 28 73
00003197.png 48 52 58 73 89
00002893.png 70 73 87
00003249.png 47 73 80
00003893.png 29 48 52 67
00002897.png 87 94
00004399.png 47 64 67 85
00001399.png 9 41 58 73 80
00006511.png 14 37 45
00000626.png 11 52 67 89 94
00000045.png 48 58 59 73 93
00000065.png 14 37
00000041.png 37 54 85
00002476.png 8 30 32 67
00000599.png 52 58 82 84 88 89
00000979.png 48 52 65
00000367.png 8 54 80
00004328.png 48 64 87
00000985.png 5 52 73 89
00002064.png 52 67
00000914.png 8 10 41
00004233.png 48 65 84 87
00003119.png 8 31 44 58
00000445.png 47 58 91
00001032.png 30 46 52 66 95
00001531.png 46 52
00001751.png 54 70 84 89
00001028.png 24 52 56 76
00001645.png 37 58
00001904.png 47 65 87
00003405.png 46 70 84
00003606.png 46 58
00000588.png 46 70 87
00001920.png 3 9 46 58 80 101
00003234.png 52 66 93
00001651.png 30 58
00003458.png 13 58 81
00000712.png 47 48 70 87
00000877.png 48 69 70 72 84 87
00006707.png 18 46 66 88 89
00001442.png 37 54 70 77 84 93
00001366.png 3 47 52 73 87 98
00002363.png 47 70 72 73 87
00002100.png 8 33 54 67 89
00003857.png 48 66 76 84 88
00000482.png 46 59 70 85
00003453.png 44 57 71 89
00006782.png 22 38
00006412.png 5 17
00000188.png 52 58 73 80
00006716.png 14 36
00003235.png 9 49 52 58 89
00001143.png 37 47 89
00001050.png 84 91
00002355.png 9 24 28 58 73 89
00001004.png 37 48 73 80
00002507.png 47 58 70 72 84 87
00006294.png 14 27
00000739.png 48 66 82 85
00000793.png 8 41 47 58
00000504.png 47 70 87
00000973.png 8 43
00000522.png 37 48 65 73 80 91
00001039.png 5 8 88 94
00006746.png 8 9 59 98
00003046.png 9 58
00003178.png 46 70 95
00003281.png 65 72 73 87 89 93
00000203.png 48 87
00002784.png 30 58
00006322.png 58 81
00006522.png 85 98
00002972.png 5 24 49
00006442.png 19 85 86
00000391.png 3 46 58 80
00002909.png 47 58 73
00000838.png 8 73 83 84 85 90 94
00000996.png 37 96
00003835.png 8 48 87
00003421.png 49 59 84
00004382.png 24 47 84 94
00003513.png 67 84 89 93
00002675.png 47 59 70
00006819.png 14 44
00000293.png 46 52 89 94 102
00006379.png 40 47 76 89 93
00001321.png 48 64 66
00004359.png 47 70 84
00000562.png 24 36 58
00002907.png 48 70 87
00001592.png 48 57 89
00003729.png 1 5 13 30 41
00000589.png 37 56 65 95
00001852.png 48 66 84 87
00000184.png 8 52 67 70 80 95
00002824.png 50 52
00003733.png 46 84 87
00002314.png 46 70 87
00006430.png 15 36
00001996.png 47 70 84 96
00001605.png 14 46 52 89 93
00003064.png 46 58 59 70
00006437.png 39 58 89
00000906.png 5 13
00000832.png 4 8 30
00002218.png 47 58 73 80
00000928.png 47 89 96
00000038.png 15 30 37 89
00004145.png 24 29 67
00000215.png 8 32
00003364.png 37 52 73 93
00006805.png 18 79
00004007.png 52 72 73 83 84
00000640.png 32 67
00002725.png 48 66 72 76 84 87 96
00002138.png 49 64
00003647.png 24 49 52 58
00001963.png 31 49 61 67 73 82
00003422.png 46 58 73 80
00002445.png 46 84 87
00002715.png 48 73 80
00001486.png 10 31 89
00003117.png 12 37 73 89 94
00000382.png 31 58
00002247.png 11 49 52 89
00006415.png 52 54 89 94
00006807.png 31 33 36
00003292.png 13 44 58 67
00003551.png 47 52
00001780.png 31 33 41 42 43 44 67
00006418.png 12 17 29
00001367.png 48 52 73 80 82
00002812.png 46 58 70 84 85
00001414.png 10 29 30
00003867.png 50 73 80
00003854.png 8 48 52 73 80
00003951.png 46 52 59 70 103
00003651.png 28 48 52
00003040.png 69 84 91 92 94
00006570.png 66 67 89 90
00000279.png 8 25 58 82
00000955.png 29 58
00001717.png 3 37 54 82 85 87 95 96
00000801.png 57 58 89
00003786.png 54 73 82
00003885.png 46 70 84 88 91 93
00000882.png 13 67
00002033.png 32 103
00003473.png 46 66 84 96
00002440.png 8 72 82 84 85 88 94
00000583.png 10 30
00003231.png 37 50 73
00003702.png 46 59 70
00006789.png 1 5 9 15
00002732.png 48 52
00000831.png 46 70 84
00004355.png 30 46 71 77
00000170.png 5 52 101
00002084.png 48 65 87
00000190.png 47 70 72 87 103
00002393.png 48 66 87 101
00003767.png 46 58 73 89 93
00004125.png 29 58
00001502.png 8 30 32 58
00002519.png 10 32 37
00000080.png 9 41 58 73
00000247.png 28 37 46 52 58 80
00004278.png 17 48 71 73 96 98 103
00000980.png 49 56 58 59 70 89
00000797.png 9 46 49 58 73 80
00003337.png 5 8 50 52
00000049.png 72 82 84 87 96
00003080.png 24 44 49
00001814.png 52 84 89
00006740.png 36 47 70 87
00001982.png 47 72 84 93
00001824.png 13 58
00006343.png 10 13 67
00002381.png 3 37 52 54 73 80
00001319.png 51 70 80 84
00001149.png 8 48 67 73 80 82 93
00004204.png 73 96
00001660.png 46 50 84 89 103
00000363.png 3 47 52 66
00001674.png 51 58 70
00001409.png 46 70 84
00000006.png 49 52 59 70 84
00000726.png 16 37 58
00002789.png 5 24 58
00002627.png 52 82 84 89
00003687.png 11 50 57 58 89
00002941.png 14 29 30
00003590.png 8 9 58 73 89
00000390.png 24 46 58 93
00001300.png 37 67
00001841.png 31 58
00003443.png 48 52 66 72 84 87 96
00003813.png 50 52 64 85
00002884.png 11 48 52 66 70 77 84 95
00001517.png 3 46 58 80
00002581.png 47 70 72 87
00000107.png 51 52
00003789.png 46 59 70 84 87 95
00000297.png 25 62
00003379.png 54 70 84 96
00001665.png 51 70 84 89 95
00002569.png 48 64 73 80
00001365.png 48 66 73 95 96
00002587.png 48 58 80 82 84
00000758.png 8 30 33 41 58
00001056.png 24 49 59
00001667.png 30 41 45 89
00002483.png 3 52 66 70
00006827.png 10 17
00001219.png 47 58 67 82
00003902.png 58 73 80 98
00001883.png 8 52 54 73 80 83 84 88 93 94
00000130.png 24 58
00000237.png 14 44
00001562.png 37 49 56
00000269.png 56 73 80
00001211.png 13 48 52
00000775.png 10 31
00006506.png 5 22 38
00006693.png 35 39 47 49
00000526.png 24 46
00001341.png 15 24 54 58 89
00006812.png 78 80 101
00006841.png 25 40 41 42
00003539.png 52 76 82 83 84
00004266.png 12 30
00000313.png 46 70 87
00001146.png 8 28 46
00001491.png 8 31 41 103
00003134.png 8 10 30
00003775.png 47 66 87
00000520.png 67 73
00006480.png 18 66 89
00004148.png 14 37
00006751.png 68 77
00003875.png 52 82 84 90
00001934.png 46 65 70
00003170.png 48 66 87
00004085.png 48 73 90
00001899.png 11 28 48 58
00003842.png 37 48 58 59 80 93 103
00001514.png 3 52
00001460.png 4 10 29 33
00004323.png 10 13
00004380.png 3 8 84 88
00000842.png 25 48 59 87
00006515.png 9 40 49 80
00001426.png 24 44 49 58
00001692.png 46 66 87
00001574.png 8 73 94
00002749.png 54 70 89 95
00004191.png 52 58
00001823.png 12 30
00001476.png 9 66 73 89 93 96
00003890.png 48 59 66
00001315.png 47 70 84
00001239.png 3 47 58 73 93
00002142.png 46 52 73 82 89
00000799.png 52 54 70 84 91
00000355.png 47 64 72 87 89 98
00003656.png 12 73 89
00006486.png 22 25 67
00002022.png 3 46 49 52 58 82 93
00000622.png 8 48 73 89
00003418.png 12 29 44
00004075.png 8 56 88
00006632.png 37 40
00006313.png 37 40
00002516.png 46 52 58 73 80 93
00000995.png 48 52 66 96
00002099.png 51 58 84 96 103
00006689.png 5 59 81
00006633.png 8 10 36
00003542.png 46 70 96
00004149.png 37 67
00004036.png 48 66 73
00000248.png 46 70 84 93
00002049.png 48 59 70
00001253.png 46 87 94
00000460.png 48 52 66 70 84
00001216.png 9 47 66 85 87
00002183.png 46 70 73 96
00000778.png 8 48
00000383.png 10 30
00006362.png 8 27 52 67
00004259.png 22 48 67 72 84 87 89
00004138.png 54 87
00001941.png 49 58
00002773.png 52 85 94
00003072.png 10 25
00006650.png 8 49 58 80 87 94
00006466.png 5 20
00001223.png 37 58
00006708.png 81 82 87 93
00000510.png 46 70 84 93
00004049.png 48 59 87
00006821.png 15 34 103
00001508.png 8 30 32
00002740.png 12 30
00000440.png 46 70 80
00003748.png 56 58 73 89
00003586.png 51 58 84 90 98
00001305.png 25 44 49 89 93
00001394.png 9 49 70 80 82 93
00004307.png 46 70 76 87 101
00004042.png 3 52 94
00002503.png 46 70 87
00000094.png 3 46 52 58 80
00000798.png 47 70 84 85
00003862.png 47 59 73
00006519.png 79 94
00003437.png 20 30 58
00002294.png 58 73
00003438.png 50 52 72 84 87
00001493.png 37 54 58 67 87
00000827.png 52 67
00004192.png 24 49 52 67
00006438.png 10 13 20
00006389.png 17 47 70 73 96
00002788.png 47 70 87 101
00003945.png 44 48 76
00001957.png 47 70 84
00006593.png 9 27 52
00003887.png 47 70 71 72 84 101
00001344.png 48 87
00003266.png 48 59 66
00001212.png 5 8 73 89
00004370.png 8 46 73 87
00002048.png 46 67 84 89 95
00002034.png 37 44 48 66
00001336.png 5 13
00000218.png 47 66 84
00000397.png 48 59 66
00003274.png 44 47
00003807.png 8 25 40 41
00003343.png 28 46 58 59
00000335.png 46 70 84 91
00006711.png 40 48 89
00002739.png 5 41 58
00001483.png 14 37
00001274.png 46 58 73 80 93
00003741.png 54 66 87
00002954.png 48 66 67 72 84 87
00001906.png 46 70 84
00003477.png 8 46 58 71 93 103
00003732.png 8 73 84
00002779.png 23 52 73 82 93
00003808.png 46 59 70 89
00000402.png 14 25 37
00001582.png 8 32
00006405.png 18 66 73 80 84
00003561.png 48 59 77
00002657.png 11 52 54 95
00001156.png 8 10 31 52
00001546.png 47 48 70 87
00003317.png 8 21 46 59
00000084.png 28 54 58 73 80 93
00003877.png 8 58 84 87
00003697.png 28 47 67 73 89
00006536.png 12 40
00000912.png 10 31
00006718.png 1 5
00003830.png 3 52 58 80
00001345.png 46 70
00000433.png 48 59 66
00002658.png 47 52 85
00000060.png 3 28 52 73
00001080.png 71 73 93 94
00003582.png 8 30 40 41 42
00001193.png 46 70 87
00000587.png 21 52 66 87
00002748.png 5 8 31 89
00002165.png 47 70 87
00001040.png 14 40 46 58 73 80 82 103
00002472.png 46 70 96
00002562.png 8 48 72 84 87
00003118.png 48 52 67 84
00000033.png 46 52 76 77
00001713.png 24 58 85 94
00002786.png 58 64 80 85
00006309.png 66 68 87
00004324.png 30 44 49 58 89
00001026.png 46 65 89
00006483.png 10 36
00000429.png 52 73 85 94
00003485.png 13 58
00003829.png 58 64 84
00000977.png 8 32 42
00004392.png 48 73 84 87 88 89
00000183.png 8 70 89
00000316.png 54 58 84 89 94
00003753.png 52 73 84 103
00003952.png 50 52 58 66
00002011.png 46 52 70 96
00003450.png 46 66 82 84 85 93
00003944.png 48 66 84 87
00003922.png 21 50 58 66
00001461.png 9 28 30 49 58 87
00004218.png 5 8 73 84 88 94 96
00003280.png 46 70 87 101
00004078.png 5 16
00001205.png 17 52 58
00006712.png 9 68 76
00000450.png 24 70 96 101
00002607.png 47 70 73 80
00000448.png 47 58 84
00003799.png 65 73
00003670.png 58 73 80
00001217.png 48 70 82 84 87
00003979.png 48 87
00003870.png 29 30 58
00006467.png 5 17
00002400.png 37 54
00006560.png 9 40 80
00002070.png 46 58 70 87
00003674.png 48 52 84 88
00006472.png 5 13
00002019.png 12 25 29 41 89
00003591.png 48 73 80
00002368.png 30 41 46 58 73 80 103
00001854.png 46 70 87
00002631.png 47 72 81
00002839.png 30 50 67 73 89
00003424.png 48 70 84 87
00002894.png 66 67 73 82 89 94
00001132.png 25 52 58 81 103
00004329.png 52 58
00003372.png 11 37 54 70 89
00006285.png 8 10 22
00001825.png 47 58 73 80
00003180.png 51 52 85
00000326.png 5 13
00004141.png 5 8 37
00003574.png 37 52 58
00001481.png 54 73 82 87
00002552.png 47 70 84 96
00001170.png 47 52 67 72 87
00000186.png 10 37
00001452.png 8 30
00004249.png 70 82 83
00003493.png 8 24 73 77 82 89
00002904.png 41 48 87
00002874.png 8 58
00002593.png 12 30
00000926.png 9 49 52 58 73
00002334.png 9 58 73 89 93 94
00002359.png 57 73 76
00000472.png 3 46 52 58 70 87 89
00000427.png 3 48 58
00006808.png 52 68 89
00000921.png 9 58 84 88 90 98
00002967.png 41 50 58
00003427.png 37 47 70 85
00001380.png 37 52 67 73
00003556.png 8 46 47 59 70 93
00002297.png 8 29 30 44
00002376.png 35 67 73
00006446.png 18 49 66
00000064.png 52 62
00000272.png 71 73 93 94
00001877.png 58 82
00003889.png 49 52 70
00003953.png 54 70 72 84 87
00002922.png 47 66 81 82
00003464.png 9 37 53 54 58 73 80 93
00002466.png 9 73 82 87 94
00000868.png 8 48 72 84 87
00001561.png 46 58 73 80 84
00004386.png 46 59 64 73 89
00003326.png 5 30
00000571.png 54 59 73 87 93
00003610.png 37 48 70 72 84 96
00006504.png 15 36
00001923.png 8 30
00006440.png 1 5
00000078.png 24 66 73 80 102
00001947.png 48 52 67 73 80
00000867.png 52 72 76 82 84 87 90 94
00003293.png 47 64 96
00006584.png 8 17 48 89
00004334.png 10 30
00003462.png 3 46 52 58 82
00000787.png 52 62 87
00003129.png 47 58 87 94
00000134.png 47 70 84 87
00000137.png 58 65
00003983.png 56 65 89
00004211.png 51 52
00001001.png 48 59
00002651.png 9 49 58 70 95
00006788.png 1 5 9 15 22
00000854.png 17 48 84 87 89
00003067.png 24 64 84 89
00001151.png 3 21 47
00002237.png 24 46 95
00002428.png 8 37 71 78
00003371.png 58 84
00000126.png 44 52
00002594.png 5 41
00000157.png 48 66 72 84 87 103
00001316.png 14 44
00002160.png 52 58
00000770.png 44 48 73 87
00001384.png 8 9 73 84 85 87
00000361.png 58 59 67 80 82
00000338.png 54 73 80
00003548.png 46 84
00003645.png 47 70 73 84 96
00002965.png 9 46 58 73 80 93
00002248.png 10 32
00003603.png 10 30
00001428.png 37 52
00002423.png 1 5
00000103.png 51 70
00006421.png 5 13
00002351.png 24 58
00003973.png 8 10 30
00000358.png 46 67 73 82 89 93
00000321.png 48 66 70 84 87
00001242.png 46 67 70 73 96
00000092.png 48 66 84
00001060.png 48 70 89
00000650.png 9 24 47 52 59 76
00000015.png 54 84 87 96
00000674.png 37 48 65
00000805.png 10 13
00002147.png 8 11 52 66 67 73 89 93
00003978.png 47 70 84
00002811.png 46 70 84 85
00006713.png 49 55
00004373.png 8 9 28 35 58 73
00002485.png 30 52
00000105.png 24 73 85
00000708.png 8 25 30
00001325.png 46 59 84
00002892.png 10 31
00003325.png 24 32 58 67
00001606.png 46 65 84 93 95
00003742.png 51 84 93 95
00000461.png 54 70 84 87
00003762.png 61 73 89
00006826.png 43 45
00004028.png 48 59 85 89 95
00003882.png 82 84 88
00003844.png 46 52 82 84 89
00006425.png 55 65 76 89
00003403.png 48 82
00001737.png 5 58 84
00000632.png 48 66 76 96
00001940.png 30 37 42 49 58
00006748.png 5 13
00003087.png 58 59
00004208.png 48 66 84
00001991.png 52 83 84
00006702.png 66 68 96
00003457.png 8 72 84 87 88
00006749.png 13 58
00003255.png 48 73 87 103
00006477.png 9 40 46 58
00002572.png 73 93 96
00001331.png 61 73
00006763.png 37 48 79
00001788.png 8 82 84 88
00002930.png 48 52 87
00001764.png 46 70 81 84 91
00004350.png 48 73 82
00003263.png 73 76 94
00003313.png 5 52
00000003.png 48 84 85 87
00003463.png 58 73 102
00002236.png 3 11 44 47 52 95
00006653.png 5 22 26
00001960.png 3 46 58 73 80 82 93
00000864.png 47 70 84 85
00006533.png 10 13 44
00000308.png 52 62
00006855.png 11 14 36
00003361.png 24 52 73 82 84 88 94
00003382.png 14 30 34
00002450.png 46 64
00006411.png 68 89
00000886.png 11 47 73 80 82
00003074.png 8 30 31 33 52 58
00002063.png 30 34 42
00001494.png 47 58 70 87
00006339.png 65 69 73
00001288.png 11 24 49 52 58 66
00000724.png 11 46 58 94 103
00003030.png 3 8 31 96
00006500.png 50 81
00000289.png 48 66 72 84 87
00002347.png 8 10 11 103
00003858.png 46 70 79
00000933.png 11 67 87
00003554.png 44 73 93 94
00001596.png 67 89
00006310.png 47 80 81
00000848.png 66 87 101
00000303.png 48 66 96
00004105.png 11 30 37
00006778.png 12 17
00000220.png 47 49 59 78
00001351.png 76 78 84 93
00002902.png 24 70 73 87 98
00004080.png 32 40 89
00006494.png 26 48 81
00002512.png 8 67
00006424.png 66 68 85
00004258.png 46 67 84
00004384.png 14 44
00002348.png 12 30
00004251.png 24 49 70 93
00006622.png 12 36
00002270.png 46 58 82 93 103
00003782.png 10 25 38
00000039.png 58 73 89
00003003.png 9 52 58 70 73 82 98
00003417.png 10 37
00003331.png 61 85
00003706.png 37 54 66 84
00004158.png 48 65 101
00001872.png 8 30
00003527.png 37 46
00003975.png 8 11 54 89 103
00006616.png 10 37
00002550.png 3 24 52 58 67 80 82
00006336.png 84 89 90
00002491.png 5 8 37 53 54
00002570.png 16 49 58 94
00006409.png 49 70 80 84 93
00004316.png 5 8 30
00002185.png 9 28 56 59 80
00003289.png 48 50 58 80 93
00004246.png 46 70 95
00002414.png 46 70 72 73 87
00001140.png 48 64 70 91
00001911.png 46 70 95
00001313.png 8 10 13
00000127.png 10 30 32
00001462.png 3 61 84 88
00000707.png 8 47 48 52 58 70 80
00002704.png 3 52 84
00001160.png 47 72 84 87 90
00002140.png 48 70 87
00006730.png 49 65 87
00002369.png 48 50 65 87
00006429.png 5 17 26
00001301.png 37 54 66 87
00001879.png 10 29
00006669.png 55 65 71
00000658.png 9 54 64 87
00000807.png 32 52 67
00006380.png 10 40 89
00004082.png 47 73 80 84 89
00000189.png 48 52
00003336.png 30 32 52 67
00002152.png 58 66 87
00001642.png 8 52 58
00003431.png 46 52 66 84
00000643.png 9 49 73 82
00001609.png 48 84
00003416.png 46 70 84 91
00001487.png 5 11 37 41
00003226.png 46 52 70 87
00003478.png 46 58 59 73 80 93
00001011.png 46 58 73 80 93
00003719.png 56 65 87
00002093.png 12 30 44
00002758.png 10 37
00003931.png 9 24 37 47 73 89
00006417.png 40 47 52
00001762.png 46 57 70 73 89
00003738.png 5 59 81
00002181.png 3 58 94
00004241.png 46 50 58 80 96
00003750.png 57 80 82 84 94
00003487.png 41 58
00002765.png 51 52 89
00001441.png 46 65 84 87
00003501.png 8 46 70 84 87 101
00003908.png 8 37 54
00001312.png 10 37
00001232.png 5 13 24 58
00002338.png 10 30
00002860.png 52 54 82 89
00000954.png 48 52 88 94
00002890.png 14 29 34
00003831.png 8 48 84
00006368.png 8 27
00000636.png 35 54 70
00001832.png 8 30
00003696.png 21 54 73 94
00003324.png 3 8 9 46 52
00001095.png 50 66 98
00000785.png 44 46 58 67 73 80
00003604.png 33 67 89
00002486.png 37 54 70 95
00002205.png 24 50 67 70
00003560.png 8 30 32
00001236.png 25 57 58
00003094.png 33 37 48 73 80 94
00002698.png 8 48 67 73 82 89 93
00000405.png 11 47 65
00000635.png 44 58
00003015.png 8 45 52 67 103
00003018.png 8 30 32 89
00001131.png 34 37 47
00001646.png 8 10 30
00001658.png 48 65 87
00003621.png 8 32 58 89
00002388.png 47 48 59
00000346.png 4 30 58
00001430.png 10 29
00002199.png 46 70 84
00003490.png 8 47 87 91
00002633.png 37 46 58 59 73 84
00006800.png 17 28 44
00003109.png 8 50
00006329.png 24 47 65 80 92
00002571.png 10 30 34
00002384.png 47 70 84 87
00002738.png 25 52
00003726.png 48 52 73 87
00002023.png 48 52 59 64
00003104.png 47 52 59 70 87 101
00001679.png 8 54 70 73
00004367.png 46 52 58 82 93
00003988.png 8 10 30 42
00006485.png 46 85 89 97
00004366.png 5 9 32
00001318.png 17 25 52 84
00002615.png 8 46 70 87 103
00004120.png 8 48 52 82
00002284.png 8 10 30
00002128.png 46 70 101
00000278.png 46 52
00004027.png 50 67 84 87
00001728.png 3 46 58 103
00001643.png 8 67 73 80 82 103
00002074.png 37 47 66 87 89
00001070.png 44 46 52 73 89 93
00001334.png 4 12 30
00004223.png 8 40
00006745.png 36 67
00002869.png 8 30 44 52 67
00001119.png 9 51 77 84 87 89 103
00001710.png 17 22 25 39 41 52 57 68
00001972.png 34 37 48 84
00003039.png 8 48 66 95
00000416.png 3 46 73 80 82
00000817.png 28 37 50 52 73 91
00000553.png 47 59 70
00003402.png 10 30
00003163.png 48 50 66 84 87 88 95
00002691.png 22 38
00000818.png 46 65 95
00001324.png 52 70 87 89
00004376.png 11 31 37
00002590.png 2 30 58
00000800.png 10 31
00001277.png 50 66 87
00004265.png 47 70 87
00003981.png 10 17 30
00002335.png 49 58 64
00000175.png 24 48 52 58 73 80
00003878.png 8 10
00002781.png 46 70 87
00004389.png 48 58 73 80 93
00000634.png 37 48 84 85 89
00000754.png 14 37 103
00002500.png 48 58 59 70 72 84 87
00002067.png 46 70 82 85 89
00001031.png 9 37 54 82 84 94
00002769.png 43 46 58 89
00003917.png 44 50 52 58 73 80 81 94
00003435.png 37 56 89
00001021.png 35 46 70 84 90
00000971.png 10 30
00001081.png 52 58 82 89
00000318.png 9 58 67 70 73 80 82
00002861.png 46 70 85 89
00002124.png 3 52
00000294.png 47 48 66 84 87
00000950.png 46 70 73 89
00004041.png 31 52 58
00000282.png 47 48 64 87
00002719.png 48 72 80 93
00000809.png 46 52 65 84 89
00000922.png 54 59 84 95
00003926.png 9 10 32
00003932.png 12 29 44
00003565.png 8 48 70 72 76 87
00001088.png 52 56 65 82 89
00000328.png 4 10
00003537.png 47 58 73 80
00003963.png 48 89
00003323.png 5 30
00001016.png 46 70 84 95
00006474.png 9 31 40 41 89
00003919.png 5 9 49 73 96
00006856.png 1 10
00003062.png 8 47 58 59
00002382.png 76 84 87 88 93 96
00001706.png 8 47 59
00006772.png 49 65 94
00002097.png 3 8 48
00003250.png 48 70 87
00002405.png 8 58
00001218.png 51 70 84 95
00004083.png 8 61
00003652.png 32 67
00000497.png 32 52 67 89
00006365.png 11 54 55 87
00000987.png 48 70 84
00000875.png 46 70 84
00004076.png 5 10 31 37
00002714.png 9 46 58 73 80
00004129.png 28 43 89 94
00003251.png 46 70 84 96
00006450.png 9 34 45 50 67
00001842.png 48 52 88
00003989.png 5 8 41 49 84 90
00003822.png 10 13
00000447.png 30 32 67
00002426.png 37 65 73 89
00002459.png 8 13 49 58 80
00002282.png 17 37 71 82 89
00001007.png 48 58 66 101
00001811.png 50 73
00006493.png 17 58
00006680.png 37 45
00004035.png 48 64 73
00002438.png 48 65 73
00000208.png 46 70 84
00004144.png 8 10 33
00002066.png 12 29 30 32 89
00006684.png 4 5
00001198.png 47 52 58 73 80 82
00000424.png 46 48 95
00002261.png 48 52 66 72 84 96
00001727.png 37 54 89
00000903.png 8 46 58 67 94
00000714.png 48 52 59 70 96
00000681.png 37 46 71 89
00003788.png 51 85
00000392.png 67 82 87 96
00002864.png 8 46 70 84 91
00001501.png 3 54 95
00002194.png 49 58 73 89
00003992.png 8 84 87 88
00006859.png 10 103
00001839.png 44 54 70 87
00003168.png 24 46 70 87
00004016.png 37 52 67 89
00004281.png 48 70 87
00006628.png 5 9 35 49
00001524.png 52 59 67 87
00002025.png 46 70 87
00000934.png 50 58 73 80 84 88
00000044.png 37 42 44 54 73 80 89
00003839.png 5 13
00000833.png 48 66 73 82
00003498.png 9 58 82
00000869.png 54 66 87 94
00003332.png 52 67
00002944.png 8 32 67
00001566.png 50 57 73
00002123.png 52 73 96
00002001.png 48 52 59 87
00004271.png 14 37
00000436.png 24 44 58
00004330.png 61 87
00000788.png 9 46 70 85
00000142.png 59 67
00000694.png 48 66 85
00000213.png 52 85
00002662.png 48 84 87
00000961.png 49 59 70 94
00001745.png 47 67 84 97
00003740.png 13 30 32 58 89
00000891.png 46 81
00000638.png 48 49 66 84
00002808.png 46 70 84 93
00001102.png 14 31 37
00003863.png 24 73 80
00000122.png 8 10 30
00000224.png 8 10 31
00003195.png 48 66 87
00001267.png 37 44 48 52 93
00002764.png 12 29
00002315.png 30 52 89
00003482.png 8 72 84 87 103
00002251.png 8 46 59 70 93 98 101
00000662.png 48 65 84 96
00003968.png 37 61 70 84 96
00002567.png 5 11 25 41 42 44 103
00000904.png 51 70 84 91 95
00006283.png 5 8 17
00002833.png 46 70 84
00004346.png 67 70 71 93
00006378.png 82 94
00000407.png 3 46 58 80
00006428.png 82 93 98
00000417.png 52 56 66 73
00002144.png 48 70 84
00000085.png 47 71 77 100
00001526.png 9 13 18 67
00002275.png 5 48 52 66
00006447.png 48 49 80
00001550.png 58 73 89
00001878.png 56 66 84 93 96
00000350.png 13 58
00003496.png 48 66 70 77 84
00000087.png 29 30 40 52
00006542.png 31 40 58
00003305.png 52 76 84 87 88
00002535.png 48 84 87
00003440.png 37 48 66 89
00002946.png 48 70 84 93 98
00003622.png 46 58 59
00006832.png 1 81
00001047.png 24 28 50 82
00002224.png 10 16
00001369.png 37 48 101
00003390.png 3 46 80
00002579.png 24 31 33 49 52 67
00006509.png 71 78 94
00002643.png 46 52 84
00003399.png 10 25
00003827.png 44 49 67
00003270.png 47 66 87
00000748.png 8 29 84 88
00002862.png 49 58 67
00000487.png 4 8 10 30
00006527.png 12 27
00003796.png 48 66 87 93 94
00000067.png 24 54 72 82 84 87 96
00001714.png 46 80 84 91
00002517.png 48 66 87
00006658.png 19 48 66
00006787.png 17 54 95
00000283.png 9 30 52 58
00006545.png 12 34
00002600.png 48 70 89 95
00003977.png 10 30 32
00002903.png 30 33 44
00006619.png 4 27
00003881.png 24 48 67 70 73
00003200.png 47 65 87 103
00001851.png 10 31
00004045.png 48 84 87
00002531.png 48 66 87
00002264.png 46 66 73 82
00003492.png 47 52 70 72 87
00000477.png 24 52 72 80 82 84 91
00000509.png 48 57 59
00002132.png 47 70 87
00006458.png 27 58
00006360.png 15 61
00001332.png 8 22 31 67
00000072.png 37 52 54 56 66 85
00001374.png 48 67 72 84 87
00006700.png 35 47 89 93
00001297.png 46 58 73
00000791.png 14 48 52 70 87
00001182.png 47 70 84 87 95
00001097.png 50 52
00002502.png 48 70 73 85 89 94
00006581.png 22 85
00000981.png 24 44
00001821.png 9 16 36
00000846.png 8 87
00004318.png 32 67
00003368.png 46 52 59 70
00001429.png 37 69 70 73 89 94
00000506.png 50 67 70 80 89
00002091.png 48 80 84
00004273.png 46 58 59 87
00001915.png 3 9 46 58 73 80 93
00006844.png 51 66
00006358.png 5 17 19 22 23
00001455.png 49 61
00004264.png 48 66 73 76 87 103
00002008.png 30 58 67
00000167.png 46 48 72 87 89
00000499.png 8 10 30
00003901.png 46 70 95
00003472.png 50 52 70 87
00000053.png 3 47 58 73
00003549.png 61 73
00001617.png 49 70 84 91
00001190.png 10 52 70 73 80 82 87 89 92
00003455.png 25 34 58
00000621.png 46 73 80 82
00002700.png 3 9 13 46 58
00006282.png 37 54 93
00001918.png 12 31 33 37 89
00002702.png 48 84 89 96
00003592.png 9 76 89 101
00000577.png 46 52 59 70 73 95
00003017.png 48 64
00000892.png 47 59
00003828.png 48 66 87
00001449.png 9 46 72 82 84 87
00001685.png 46 70 85
00004153.png 12 29 30
00002656.png 37 54 70 84 89
00006587.png 34 48
00001283.png 37 54 59 89
00000228.png 9 14 52 58 73
00003532.png 50 52
00000496.png 10 33
00000885.png 12 89 94
00001917.png 10 30
00002254.png 48 49 70 84 87
00006308.png 35 37
00003394.png 48 65 87 93
00003745.png 24 46 66 82 92 93
00001955.png 46 59 70
00002125.png 46 52 58 59
00000786.png 46 70 73 87
00006281.png 12 36
00000052.png 61 73 93 94
00002660.png 48 58 59 66
00006644.png 18 28 29 34 89 94
00000686.png 61 94
00003540.png 44 48
00000432.png 46 70 95
00002574.png 32 44 58
00001035.png 9 82 83 84 88 89 94
00002156.png 37 57 71 76 89 93 94 103
00002018.png 5 31
00002274.png 47 58 65 70 93
00000370.png 48 73 91
00001188.png 37 47 70 84
00000930.png 9 41 47 58
00002454.png 57 88
00003825.png 35 50 73 82 94
00000541.png 9 47 54 58 59 76
00000281.png 10 13
00001598.png 8 30
00003032.png 9 58 59 84
00001853.png 47 70 87
00003550.png 30 67
00000777.png 72 84 91 93
00001553.png 37 54 66
00002834.png 48 59 85
00001992.png 12 32
00002260.png 14 37 50 52 73 80 93
00004286.png 11 37 51
00000821.png 4 8 31
00003864.png 46 58 70 94
00006597.png 18 66
00002141.png 52 64 84 87
00000351.png 52 56 58
00006319.png 55 58 71 89
00002148.png 37 54 70 73 80 82 93 101
00004287.png 9 22 30
00000931.png 46 84 91
00002870.png 10 30
00003954.png 8 52 66 67 73 89 93
00000158.png 58 73 76 80 93
00003502.png 48 58 59 65
00004183.png 24 50 65
00002228.png 3 52
00000299.png 37 54 71 73 85
00002134.png 10 30
00001034.png 8 48 59
00000989.png 56 58 76
00003886.png 24 48 70 84 87 95
00003563.png 48 58 65 73 89 96
00000893.png 48 89 101
00000946.png 56 66 72 87
00003466.png 37 56
00004112.png 30 32 67
00000716.png 54 66 82
00003667.png 10 17 31
00001912.png 8 14 52 73 76 84 85 87 94
00001249.png 58 59 61
00002887.png 33 37 58
00003019.png 46 66 87
00003781.png 70 96 101
00001836.png 8 31 58
00000551.png 58 59 89
00001880.png 12 17 32 103
00002313.png 14 37 89
00001913.png 13 64
00003847.png 49 61 94
00000251.png 5 8 84
00006617.png 1 5
00006806.png 9 45 89
00003995.png 52 58 73 94
00003849.png 54 73 87 94
00000276.png 52 78
00000703.png 52 58
00003570.png 47 66 72 73 87 93
00001622.png 14 84 89
00002623.png 48 59 70
00003101.png 48 66 87
00006317.png 68 80 99
00002844.png 8 30
00001684.png 30 58
00000074.png 48 49 52 66 70 103
00001558.png 12 30
00003921.png 46 70 80 84 88 93
00003962.png 5 30
00003007.png 8 56 84 88
00003058.png 5 52 84
00002891.png 46 70 84 85
00001998.png 52 63
00003470.png 47 81 93
00000706.png 46 66 76 94
00000958.png 12 30
00004074.png 47 59
00006366.png 54 66 73 85
00001259.png 8 30 41 42
00004047.png 30 44 67
00006502.png 24 76 92
00001061.png 37 54 84 85 87
00000560.png 3 48 52 58 80
00002186.png 50 59 87
00001017.png 48 59
00001804.png 29 67
00001340.png 70 71 82 84 87 96
00003093.png 5 13
00003984.png 47 48 58 70 84 93 95
00000364.png 51 70 72 96
00003406.png 46 84 85
00001962.png 8 30 32
00003950.png 46 73 77
00002256.png 48 84 87
00006548.png 11 55 58 71
00002915.png 65 87
00003159.png 12 31 37 44
00003468.png 58 61 73 84 85 87 101
00003334.png 48 66 87
00004055.png 11 46 52 58 73 82 93
00000123.png 30 58
00003138.png 10 31
00000322.png 37 51 66 96
00001358.png 30 56 67
00000508.png 37 48 73 84 89 93
00003428.png 24 50 67
00003993.png 8 52 67 70
00003156.png 11 47 96
00002030.png 37 52 67 70 85
00002229.png 48 52 79 80
00003045.png 48 59 66 92
00000590.png 3 50 52 58 92
00001320.png 38 52 58
00004104.png 25 29 30 38 52
00000924.png 9 56 66
00001589.png 5 9 82 84 88
00001433.png 51 70 84 91
00000257.png 58 80 93 96
00003260.png 37 48 50 52 70 96
00002024.png 3 67 73 89
00006609.png 9 10 81
00001620.png 28 48 49 58 80 94
00002881.png 8 58
00000226.png 5 13 52
00001612.png 48 59 64 96
00002970.png 8 10 30
00001175.png 48 70 72 84 87
00002521.png 37 54 70 73
00000475.png 5 15
00000442.png 9 58
00003888.png 46 58 84 87
00002451.png 46 66 84 95
00006495.png 47 55 91 98 100
00004188.png 8 46 70 73 80 89 93
00002663.png 37 48 70 85 89 95
00000144.png 48 87 93
00004173.png 46 66 72 84 87
00001611.png 37 48 73 89
00002235.png 10 48 59 80
00006333.png 9 11 24 46 80
00003589.png 3 52 73 76 94
00006824.png 8 36
00003824.png 46 59 70
00001465.png 46 70 84 93 101
00000022.png 14 25 29 44
00000147.png 52 65
00006352.png 70 73 82
00001208.png 5 44 48 82 103
00006496.png 15 45
00006475.png 8 30
00003012.png 46 64 73 82 84 93
00002041.png 48 73 90
00006823.png 36 58
00006818.png 55 58
00006456.png 12 36
00001234.png 4 10 30
00000768.png 44 58
00006618.png 1 5
00000040.png 48 84 87
00000532.png 24 50
00003948.png 48 64 70 77
00003395.png 56 64 87
00006733.png 14 37
00001637.png 48 70 76 84
00001974.png 14 41 87 89
00006613.png 32 34 38 42
00002117.png 24 31 89
00006729.png 68 73 94 103
00000688.png 35 54 70
00001141.png 52 83 84 88
00001379.png 5 14
00001504.png 48 70 84
00003362.png 13 44 58 67 82 94
00004240.png 52 62
00002178.png 9 28 52 73 89 94
00006767.png 40 48 52 58 80
00000852.png 9 46 58 67 73
00006612.png 40 70
00000693.png 47 70 82 93
00006476.png 40 56 89
00003712.png 46 58 73 80 93
00002857.png 37 54 73 87 89 91 103
00002613.png 3 54 73 80
00003717.png 37 54 87
00002707.png 33 44 58
00001033.png 48 66 76 84
00001901.png 9 47 58
00004154.png 54 67 84 96
00002868.png 47 70 84 88 95
00002246.png 36 58
00001734.png 46 49 72 96
00000830.png 24 58 77
00000670.png 10 31
00002783.png 58 73
00002053.png 48 64 80 84
00002755.png 54 73 81 87 93
00003600.png 46 64 67
00001931.png 70 82 84 96
00003594.png 47 66 70 77 84
00003191.png 11 48 52 89
00002116.png 48 70 87 101
00006692.png 35 52
00003057.png 8 10 30 32
00001287.png 52 58
00002090.png 48 66 85
00000918.png 51 66 73
00000639.png 54 66 72 84 87
00002529.png 65 73 87 94
00000185.png 58 94
00006608.png 37 53
00004243.png 10 25
00003275.png 48 84 90
00006626.png 12 34 94
00000529.png 52 67
00003949.png 46 66 84 96
00003900.png 9 46 47 58 70
00000354.png 48 72 84 87 89
00002197.png 8 25 31 40 44
00006755.png 40 49
00000765.png 54 66 87
00000109.png 5 73
00006682.png 11 15 37 78
00004202.png 37 54 70 73 94
00000913.png 46 93 95
00000381.png 8 46 59
00001640.png 9 30 33
00004015.png 64 67 94
00004160.png 8 48 87
00001376.png 46 70 95
00003607.png 8 48 59 66 73
00002523.png 46 84
00000018.png 55 58 73 76
00001008.png 73 82
00001172.png 67 73 82
00003679.png 48 93 96
00004199.png 9 11 46 52 68 76 88 89 92 93 101
00006487.png 75
00003815.png 48 70 95 101
00001543.png 24 48 84 87
00004301.png 37 58
00000611.png 46 66 87
00000756.png 10 25
00000000.png 48 66 90
00002187.png 47 48 58 66 87
00002494.png 35 49 58 82 103
00001048.png 48 59 70
00003569.png 50 85 94 103
00001862.png 48 57 71 89
00006555.png 9 35 47 81 89 93
00001229.png 49 58
00002108.png 48 58 73 91 93
00003068.png 48 52
00003136.png 37 58
00004111.png 8 46 70 85
00002611.png 52 87
00004061.png 41 50 65 73 103
00006530.png 51 71 89
00004238.png 37 58 101
00000091.png 58 59 70
00002280.png 37 67 70 82
00004109.png 47 58 70 93 95
00004133.png 8 9 73 84 88 94
00002853.png 5 9 58
00001268.png 37 48 82
00000943.png 8 24 46 52 58 94 95
00002916.png 37 56
00006431.png 8 10 20
00000862.png 9 46 59
00001805.png 48 52
00004189.png 58 69 71 73 89 93 94 98
00001870.png 31 52 58
00002080.png 8 29 30 36 37
00006721.png 39 52
00000795.png 5 57
00006629.png 4 27
00000723.png 52 73
00004198.png 13 14 24 48 58 93
00003609.png 56 59 70 73 96
00001796.png 3 47 52 93
00003288.png 8 31 52
00001845.png 4 30
00003001.png 8 10 30 32 33 40 42
00006532.png 20 72 87
00003149.png 8 30 58
00006760.png 28 56 89 90
00000079.png 30 58
00002727.png 46 70 84 87 98 103
00003817.png 46 52
00002145.png 37 67
00006717.png 8 40
00000814.png 52 73 82 84 88 89
00001178.png 37 58
00000898.png 46 58 59
00002712.png 37 54
00000245.png 32 52 66
00003287.png 8 30
00002378.png 48 58 59 80 94
00001148.png 8 48 52 66 87
00006764.png 48 87 98
00002568.png 3 15 41 67
00001386.png 31 48 66 80 96
00003330.png 25 30 41 52 67 89
00001905.png 21 47 52 59
00006741.png 3 5 17 19 22 23 25 47 73
00006725.png 68 76
00004398.png 9 37 54 71 84 85 89
00002327.png 24 41 44 50
00001701.png 2 15
00004232.png 48 66 84 87
00002045.png 10 85
00003598.png 46 70 94 96
00006691.png 38 47 96
00002586.png 64 85 98
00006728.png 37 48 98
00000582.png 52 58 89
00002952.png 51 70 85 95 103
00003620.png 46 85 93 98
00000507.png 37 54 70 84 96
00001630.png 49 70 93 95
00001871.png 37 56
00003715.png 52 56 59 70
00000376.png 5 52
00003013.png 47 70 84 96
00002352.png 46 70 87 101
00000597.png 47 58 70 87 91
00004137.png 48 65 82
00001626.png 10 30
00006735.png 48 66 70
00001275.png 47 70 87
00000443.png 48 73 91
00000093.png 10 30 89
00003091.png 8 48 58 73 80
00002013.png 47 84
00002791.png 10 30
00003246.png 52 73 82
00001936.png 24 65 87
00001758.png 37 48 95
00003112.png 8 31 47 80 87
00003545.png 48 70 87
00000771.png 8 30 52 58
00001803.png 8 58 59
00006349.png 56 76 80 94 98
00002760.png 48 65 87 101
00000749.png 13 58
00002693.png 8 10 30
00001916.png 46 58 70 84 93 96
00001174.png 47 70 72 87
00002612.png 48 70 84
00001599.png 8 31 32 41
00000687.png 47 59 66
00001230.png 30 58
00000932.png 58 80 82
00006436.png 45 83
00001576.png 57 81
00003359.png 9 13 23 58
00001830.png 9 50 67 73 80 82 93
00000454.png 52 58 73 80
00000916.png 47 70 89 93
00006831.png 24 65 92
00003100.png 54 59 66 84 87 96
00002626.png 80 94
00000453.png 5
00002461.png 37 48 89
00006839.png 19 56 66 93 94
00002366.png 82 84
00003044.png 9 48 58 70 87
00002650.png 4 5
00001919.png 8 10
00001185.png 37 48 65 89 95
00002525.png 48 73 80 91
00001328.png 5 8 58 71 84 88 89
00006361.png 58 73 84 89 101
00000210.png 8 30
00001648.png 13 67
00003672.png 54 66 87
00006551.png 13 58
00002987.png 48 70 84 87 96
00000513.png 56 58 64 80 84
00003637.png 10 13
00000231.png 14 37
00006580.png 24 73 89 97
00001122.png 30 58
00000935.png 9 46 52 58 73 80 93
00001130.png 48 59 87
00001529.png 46 58 72 82 84 89 93 98
00000426.png 25 47 58 77
00006697.png 46 49 66 76 88
00000710.png 8 58 80 84 87 89 94
00003937.png 47 87 103
00006784.png 49 65 87
00001096.png 5 44 46 58 80 103
00000063.png 14 44 89
00000849.png 10 32 45
00001709.png 73 77 80 82 87 89 91 93
00003278.png 46 52 70 96 103
00002741.png 46 52 70 89
00006704.png 10 32 37
00000664.png 11 64 67 70
00004221.png 47 58
00001214.png 46 52 58 65 96
00003227.png 24 49 67 93 94
00001450.png 54 66 82 87
00002174.png 47 70 85 94
00001812.png 46 59
00003910.png 46 70 96
00002444.png 11 14 37
00001411.png 10 57
00000415.png 25 90
00002420.png 46 58 82 103
00000180.png 37 67 89
00002027.png 8 41 58
00001887.png 8 37 50 89
00000365.png 37 54 66 87 100
00003676.png 46 52 58 67 73 80
00003531.png 8 10 30
00002452.png 46 52 70 85
00003846.png 8 30 58
00000164.png 24 49 50 66 73 93 98
00000491.png 46 52 59 70
00001291.png 3 8
00001395.png 8 48 88
00000399.png 8 11 13
00003730.png 5 28 58
00002397.png 30 58
00000051.png 52 67 73 89
00006803.png 68 97 98
00002278.png 48 52 80 82
00001784.png 48 73 87
00001353.png 10 23 31 33
00003131.png 61 73
00001228.png 48 58 73 92 94 103
00001928.png 35 37 46 70 73 77 89
00003841.png 10 11 46 103
00004024.png 54 72 87
00000835.png 52 54 58 89
00004196.png 56 70 84 95
00001600.png 16 24 49 58 67
00003495.png 30 40 42
00003761.png 14 24 50 58 73
00002777.png 37 47 62 66
00004393.png 48 66 70 93
00002648.png 54 73 80 82
00003282.png 8 46 52 59 84 95 98
00003861.png 48 70 84 85 101
00002949.png 50 67 70 93 96
00003407.png 46 59 70 96
00002988.png 52 82 84 88 94
00000081.png 67 73
00003242.png 47 58 93
00001023.png 13 44
00001953.png 46 52
00003707.png 25 41 58
00002007.png 47 52 70 87
00003071.png 46 58 66 93 96
00001884.png 54 66 77 84 101
00000195.png 48 57
00004044.png 51 70 85
00003526.png 48 66 73 87
00002667.png 8 14 27
00000037.png 48 52
00004037.png 11 51 66 67 73 80 93
00003469.png 28 52 84 87
00000211.png 14 30
00002157.png 8 29 30 41
00004135.png 9 52 67
00001555.png 48 50 59 66
00002268.png 47 59
00000291.png 24 52 58 66
00001527.png 37 42 59 82 84 89
00003304.png 8 46 48 80
00003474.png 47 70 87
00003615.png 24 49 58
00000298.png 32 33 67
00001855.png 46 70 103
00001523.png 11 48 73 93
00002324.png 44 52 54 67 73 80
00003193.png 52 84 88
00001135.png 46 70 84 91
00003792.png 4 8 31
00002490.png 24 49 52 58
00000619.png 46 64 73 89
00003724.png 52 70 96
00003938.png 48 70 95
00002603.png 46 58 66 87
00003912.png 38 52
00003301.png 3 37 47 89
00000667.png 28 48 66
00001897.png 16 58
00001518.png 8 10 31
00001827.png 54 84 85 87
00000207.png 46 84 87
00006834.png 5 9 27 89
00004234.png 46 58 70 84 93
00002489.png 49 61
00000689.png 47 80 82
00004031.png 52 58 73 80
00004291.png 8 10 31 32
00000990.png 9 14 46 58 80
00001966.png 8 62
00002914.png 46 70 72 84 87
00006835.png 17 58
00001505.png 10 29 30 31 32 34
00001408.png 3 52 93
00004029.png 52 59 67 77 82 84
00002889.png 47 66
00006837.png 18 28 76
00003063.png 30 32 33 49 67
00000315.png 9 28 48 73 87
00000733.png 48 59 70
00002109.png 58 61
00000017.png 3 46 67
00006815.png 36 47 67
00004064.png 3 46 52 58 73 80 82
00002255.png 13 14 24 50 58 70
00003412.png 35 67 82 84
00002430.png 8 62 80 84
00003253.png 48 50 70 84
00001542.png 9 52 58 73 96
00004136.png 10 46 59
00004090.png 48 70 84
00006452.png 9 10 17
00000565.png 67 93 94
00003297.png 24 48 50 56 73 80 93
00002731.png 47 65 84
00002563.png 58 70 95
00000302.png 52 54 58 81 85
00004262.png 25 67
00003291.png 25 31 41 44
00003943.png 47 59 87
00004216.png 28 46 58 73 80 91
00006766.png 14 44 89
00001479.png 41 67
00001043.png 10 14 46 52 59 70
00001772.png 9 34 48 52 67 73 80
00003321.png 46 70 84
00006462.png 51 70 84
00004357.png 46 65 93 94 95 101
00001975.png 3 46 58 73 80 94
00001677.png 3 21 48 52 58
00000953.png 30 40 58
00003544.png 8 83 87 101
00003126.png 58 70 87
00000711.png 25 52
00006599.png 4 5 6
00003567.png 8 30 33 41 58 73 84 87
00003522.png 21 48 70 87
00001782.png 7 33 36
00001619.png 30 40 41 42 43 45
00001243.png 54 70 72 87
00002960.png 52 67
00002392.png 32 58
00000076.png 37 48 59 89
00001894.png 67 72 84 87
00003442.png 14 103
00000737.png 24 28 37 73 76 89
00001072.png 51 64 73 80
00002240.png 47 52 70 84
00000431.png 52 58
00002188.png 47 70 73 89
00003225.png 52 59 66
00004335.png 38 52 83 84
00003559.png 3 52 58 82 97
00006404.png 5 17
00000772.png 52 54 76 83 89
00003089.png 8 31 32 33
00003038.png 37 48 66 84 87
00001943.png 14 37 82 94
00003757.png 8 54 70 84 89
00002281.png 41 60
00003873.png 30 52
00001165.png 51 76
00006761.png 65 68 81 93
00003504.png 48 66 84 93
00003718.png 24 73 80 89
00000813.png 12 16 47 64 96
00001082.png 54 85
00006318.png 15 58 65
00003960.png 8 13 58
00001244.png 49 66 89
00002678.png 3 46 58 91
00000997.png 10 31 36
00002757.png 66 73 80
00006461.png 52 53 58 65 76
00001342.png 44 54 66 85
00003657.png 8 14 55 58
00000156.png 3 9 52 58 94
00002530.png 9 29 34 40 89
00002859.png 52 80 84 94 100
00001520.png 8 52 76 88 94 96
00000141.png 8 14
00000944.png 35 41 52 72 82 84 87
00002840.png 46 66 91
00002075.png 31 52 54 66 72 84 87 90
00000558.png 8 30 32 67
00001615.png 51 84 93 95
00006757.png 15 40
00006768.png 50 92
00000523.png 8 67
00004364.png 46 70 84 87 89
00002955.png 9 48 65 71 84 90 101 103
00004087.png 8 72 76 82 83 84 90 94
00003644.png 69 94
00003925.png 9 29 30 67
00001169.png 49 67 87
00002856.png 48 58 66 84
00001278.png 48 66
00000166.png 47 66 67 76
00000439.png 54 73 82 91
00001723.png 58 73 89 93
00002198.png 46 70 84 87
00003803.png 48 58 73 80
00000802.png 14 31 37 78
00000994.png 46 70 84 91
00002553.png 14 31 41 43 61 98
00004345.png 13 14 24 49 58
00001276.png 46 73 89
00002110.png 5 13 22
00001756.png 48 66 87
00001027.png 46 58 96
00002614.png 47 87
00003643.png 10 30 32
00006337.png 68 76 80
00000730.png 8 41
00004193.png 48 84
00002295.png 48 70 84
00006687.png 14 38 89
00002793.png 8 30 32
00000280.png 3 52 73 82 83
00001844.png 46 73 96
00003153.png 17 48 59
00003310.png 49 64 73 94
00004293.png 48 73
00001591.png 9 67 84 85 87
00001673.png 20 67
00002510.png 48 70 87
00000464.png 9 24 52 70 73 89
00001251.png 54 73 81 82 89
00002330.png 48 59 66
00003318.png 46 59 65 85 93 94
00002425.png 21 47 58 64 82 93
00003367.png 37 54
00000139.png 48 59 103
00000333.png 9 25 50 57 58
00006775.png 5 8 17 20
00000059.png 8 52 58
00000178.png 46 47 70 84 87
00001769.png 48 73 80 85 94
00003161.png 8 23 73 84 87 88 94
00002170.png 58 81
00000406.png 8 67
00001323.png 58 66
00000884.png 52 82 84 88
00000488.png 8 82 84 87
00003430.png 31 44 67 73 89
00003116.png 52 88 94
00003820.png 46 52 58 70
00000046.png 47 56 65 73 96
00003700.png 37 44 48 66 82 89
00003172.png 48 64 80 81
00001111.png 54 58 70 89
00004002.png 41 57
00003415.png 11 24 47 58 95
00006376.png 47 85
00003113.png 29 30 58
00004368.png 84 87 88 91 93 96 101
00006327.png 8 10 22
00006734.png 35 71
00004320.png 45 48 59 103
00006325.png 5 13
00006637.png 58 98
00001431.png 3 46 89
00001069.png 52 67 80
00006635.png 30 32 40 41 42
00002471.png 37 50 85
00002687.png 8 73 82 84 88 94
00006392.png 11 46 52 67
00002526.png 46 52 58 73 80 93 101
00002419.png 10 32 52
00001981.png 48 70 77
00003123.png 9 24 48 84
00006661.png 8 36 89
00003913.png 67 73 80 85 89 94
00000420.png 56 87
00003306.png 14 82 84
00006321.png 14 20 34
00002694.png 58 73 103
00006353.png 6 11 37 52
00004311.png 46 59 70
00003765.png 8 82 84 87
00001203.png 48 84
00002046.png 21 48 65
00003658.png 70 89 93 103
00002259.png 46 95
00001401.png 67 96
00001693.png 8 30
00001447.png 8 47 48 52 85 89 101 103
00000923.png 46 58 82 93 94
00003387.png 5 8 25 58
00000713.png 47 73
00006575.png 8 13 58
00001983.png 48 52 58 59 65 80
00001863.png 48 52 66
00003759.png 48 52 66 84 87
00000595.png 46 52 59 70
00006320.png 55 65
00006611.png 9 49 58
00006497.png 14 40
00003439.png 14 37
00003077.png 30 67
00003805.png 37 46 66 87 93 98
00000400.png 9 58 73 84 89
00003534.png 54 71 87
00001467.png 8 29 30 40 43
00001857.png 46 52 84 87 101
00003648.png 24 58
00001051.png 8 30 31 41 44
00001792.png 5 48 52
00006792.png 8 13
00004132.png 9 52 70 95
00001743.png 8 73 82 89
00002470.png 3 9 47 48 52 58 73 80
00001382.png 52 70 84 88 103
00000129.png 10 30
00000459.png 24 47 58
00003354.png 52 58
00002130.png 52 82 88 94
00003929.png 5 30 58 66
00002014.png 9 49 58 73 85 89
00000455.png 47 65
00001120.png 8 48 88
00006794.png 28 40 93 94
00002167.png 13 46 59 70 93 94
00001978.png 10 25 41 44
00003375.png 25 35 48 70 84
00002925.png 68 82
00000168.png 3 8 46 58 73 103
00001373.png 37 48 70 89
00003449.png 3 8 48 52
00004294.png 29 58
00006604.png 70 81 84
00006701.png 36 37 70
00003207.png 46 66 70 87
00000095.png 24 44 52 67 89
00001552.png 8 72 73 82
00000555.png 10 29 34 41
00002098.png 47 58 59
00002076.png 84 91
00004019.png 54 67 91
00002559.png 70 96
00000539.png 58 70 95
00004206.png 48 70 84
00003747.png 8 37 50 52
00002998.png 48 89
00003602.png 4 5 8 30 32
00006709.png 22 84 90
00004207.png 48 59 70 101
00000610.png 46 70 87
00002054.png 8 21 47 58
00002127.png 8 67 73
00006559.png 56 64 76 94
00003971.png 47 64 84 87
00003247.png 24 47 76 89
00006765.png 84 90
00000032.png 47 52 72
00002617.png 53 56 59 70 87
00000384.png 5 20 31
00004277.png 48 64 84
00006602.png 9 39 58
00006690.png 82 93 98
00003955.png 46 66 73 80 94
00003568.png 37 47 66 70 89
00004190.png 24 46 57 65 75 76 89
00000776.png 11 48 52
00006747.png 37 48 49 93
00001293.png 5 57
00003267.png 25 67
00003303.png 47 70 96
00001938.png 10 31
00002360.png 52 54 76 78 89
00003363.png 37 54 84 87
00001914.png 37 52 55
00002832.png 46 70 84 91
00002973.png 66 73 80 89 93 94
00002208.png 48 66 67 87
00003023.png 52 73
00001335.png 24 50 58
00002442.png 50 52
00001794.png 24 50 89
00000243.png 54 59 70
00006465.png 49 58
00003633.png 8 10 31
00002169.png 8 13
00002416.png 3 9 46 58 82
00006408.png 22 25 81
00001418.png 62 73 89
00003768.png 5 9 13 24
00006828.png 8 10 40
00002241.png 12 30 31 32
00003961.png 55 58
00006445.png 52 71 93
00000676.png 52 73 82 83 84 85 89
00003425.png 47 70 82 84 87
00006797.png 10 22
00001779.png 10 30 32
00003821.png 66 68 85
00003859.png 46 70 82
00001167.png 47 52 64 87
00000352.png 46 58 73 93
00003964.png 46 58 73 91 93 103
00002785.png 48 66 84
00003143.png 32 58
00006342.png 36 47
00002520.png 13 58
00003185.png 37 46 89
00002768.png 8 30
00001707.png 48 50 52 70 72 87
00003479.png 9 48 59 76 84
00000268.png 48 71 76 80 84 88 93
00002790.png 9 48 58 80
00006646.png 40 45 89
00000314.png 51 70 84 89
00002332.png 48 70 87 89 93
00001511.png 24 46 66
00001168.png 66 91 103
00002191.png 14 25 44
00002821.png 10 30
00001760.png 13 58
00004033.png 37 48 71 89
00001506.png 8 30
00003599.png 38 41 65 73 84
00004124.png 52 58 61
00001579.png 31 32 67
00000479.png 10 31
00001224.png 24 50 58 73
00006804.png 4 17 22 31
00003076.png 47 52 65 72 84 91
00001806.png 52 73 83 89
00003507.png 52 59 95
00000133.png 52 67 94
00000584.png 46 59 70
00001471.png 48 66 93 94 96
00001500.png 46 73 89
00001939.png 54 66 73 88
00000019.png 14 37 48 52 94 103
00002796.png 9 25 46 58 80
00002055.png 46 52 59 67
00000140.png 37 70 94
00004236.png 8 29 38 41
00004062.png 46 87 103
00001438.png 58 76
00004254.png 48 70 84 96
00000362.png 54 66 87
00002543.png 3 48 49
00004130.png 46 70 84 96
00001254.png 49 70
00002012.png 70 91
00003654.png 41 67
00003774.png 3 5 8 84
00003218.png 12 30 43
00000586.png 49 52 67
00000319.png 48 73 92
00000261.png 32 67
00003411.png 48 52 70 84
00000267.png 45 48 58 89
00003351.png 70 71 73 82 93 94
00000851.png 30 31 32 33 89
00000661.png 37 54 70 87
00003659.png 52 58
00002746.png 10 30
00001800.png 8 84 87
00006340.png 27 32 67
00003897.png 46 52 70 84 87
00001908.png 52 58 65 96
00001074.png 52 56 89
00000160.png 28 47 67 73 89
00000330.png 93 94
00002016.png 5 13
00001893.png 30 37 80 85
00004164.png 52 59 70 93
00001638.png 37 54 66
00003277.png 11 25 58 87 89
00003776.png 37 67
00000353.png 52 55 95
00001669.png 46 59 84 89
00000111.png 48 70 84
00000843.png 3 9 46 57 58 93
00003780.png 47 66 84
00001378.png 57 81
00001121.png 46 52 73 87
00003284.png 82 84 87 90
00003987.png 3 52 67
00000114.png 46 58 73 93
00003524.png 47 70 93 95
00000514.png 8 73 84 89
00002233.png 46 70 85
00001085.png 47 66 82 93
00001525.png 9 30 37 58
00000677.png 8 46 72 87 89
00002293.png 10 33
00001024.png 48 84 96
00004217.png 11 46 58 103
00006723.png 48 65 89
00000605.png 5 57
00002292.png 8 30 40 41 42 43
00000566.png 51 70 80 84
00000747.png 48 54 87
00000780.png 41 58
00006810.png 20 84
00002028.png 8 46 59 70
00006795.png 8 40
00002467.png 48 73 94
00000235.png 46 67 84
00000945.png 46 65
00000484.png 29 58
00006649.png 40 54 66 80
00004187.png 11 37 48
00003054.png 9 32
00000982.png 24 48 82 89
00000779.png 31 58
00003179.png 8 38
00001980.png 48 66 72 84 87 96
00006640.png 17 40 54
00003448.png 47 65 72 87
00000719.png 14 44
00001364.png 48 59 70
00001423.png 8 47 59 66
00003043.png 48 70 84 93 96
00002477.png 48 52 66 87
00001875.png 8 30
00004312.png 37 54 70 85 93
00004168.png 37 47 87
00002733.png 37 47 87
00000273.png 14 32
00001924.png 48 65 84 93 94
00006703.png 10 38
00006328.png 11 40
00006714.png 11 22 37 48 81 89
00001396.png 54 58 59
00002722.png 47 84 87 89
00002649.png 8 58 89
00001895.png 10 13 31
00002984.png 37 54 70 84 90 91
00002804.png 9 37 52 54 70 95
00002911.png 8 10 30
00003997.png 3 52 73
00001833.png 8 48 59 76
00003795.png 8 10 31
00002358.png 37 91
00001453.png 73 93 94
00006552.png 36 54
00001145.png 50 51 73 80
00001041.png 8 13 58
00006323.png 58 81
00006541.png 14 36
00002308.png 8 10 31
00002522.png 49 58 80 103
00001994.png 16 37 89
00003070.png 47 49 70
00001776.png 46 70 84 93
00003051.png 46 70 73 80
00002456.png 8 58 67 70 80 84
00002211.png 47 58 73 80
00003192.png 57 67
00003299.png 8 30 58
00001157.png 13 14 37 78 89 93
00000225.png 46 58 73 80 93
00001945.png 8 30 44 52 67
00000204.png 8 47 95
00003664.png 8 54 66 82
00001545.png 46 59 73 80
00006813.png 1 78
00001572.png 46 52 58 65
00002082.png 48 58 70 82
00000230.png 9 48 58 59 73
00004242.png 3 8 46
00000062.png 52 58
00001874.png 52 57 58 89
00000259.png 8 9 16 48 65
00001509.png 24 73 84 89 93
00003075.png 64 73 93
00004272.png 5 25 52 76 88
00006742.png 47 48 49 66 89
00000004.png 46 84 87 96 101
00000755.png 25 52 67 88
00006387.png 8 79 94 103
00000604.png 5 89
00002866.png 46 52 58 103
00006384.png 19 48 96
00006439.png 12 36 58
00001383.png 8 31 58
00004023.png 66 84 87 102
00006842.png 44 49 52
00004094.png 58 67 73 80
00002301.png 10 25
00002407.png 4 31
00004244.png 4 10 30
00001907.png 37 47 70 85
00003976.png 12 31
00003095.png 10 32
00002136.png 37 46 84 85
00002021.png 57 58
00001083.png 48 66 76 101 103
00002353.png 46 52 65
00006776.png 14 36
00002806.png 46 52 82
00006679.png 22 80 93
00000556.png 24 52 65 69 71 89 93 94 101
00001432.png 9 40 46 57 80 82 84 89 92
00002778.png 46 58 65
00000729.png 8 10 16
00000834.png 54 66 84 85 89
00006307.png 24 47 73 80 98
00000373.png 8 84
00000449.png 24 67
00001793.png 8 73 80 82 83 84 85
00000607.png 8 30
00000568.png 54 67 84 96
00003257.png 37 54 82 85 103
00001512.png 73 87 103
00000753.png 70 80 82 84 88 89 93 96
00003252.png 47 52 70 87
00002242.png 52 67
00001065.png 7 41 43
00000240.png 48 64 73 89
00001826.png 8 46 58 87 88
00002754.png 46 58 73 80
00001662.png 48 87 103
00004239.png 11 46 65
00003006.png 37 50
00001042.png 48 66 89
00006357.png 9 44 89
00002730.png 9 52 66 82
00002929.png 47 70 84 85 89
00004325.png 16 58
00001238.png 37 46 85
00001233.png 10 32
00000494.png 49 71 76 84 90 93 94 95
00001570.png 47 59 70 84 95 96
00001544.png 47 65 84 87
00001738.png 8 30 67
00004166.png 11 46 58 64 70 73 80 87 94
00002317.png 8 30 32 89
00003663.png 5 35 52 81 83 84 89
00002341.png 2 5 25
00001554.png 37 54 89
00006671.png 68 74 86 89
00002085.png 56 58 89
00001636.png 46 52 64
00003162.png 67 70 87
00000889.png 48 87 90
00006371.png 9 67 81 103
00003790.png 37 48 71 89
00006696.png 38 58
00003084.png 46 58 59 73 89
00003814.png 48 65 77
00002601.png 5 9 82 84
00003636.png 48 59
00002216.png 48 70 87
00002361.png 37 39 52 54
00006316.png 1 67
00000956.png 52 82 84 88
00002639.png 8 47 67 73 76 82
00001785.png 28 48 66
00000061.png 37 87
00006801.png 14 44 78
00004215.png 4 10 29
00002628.png 46 59
00006665.png 49 65 71 73 80 93
00002635.png 37 46 76 84 87 98
00002669.png 41 44 67
00000104.png 47 54 67 73 82 93
00004182.png 30 61
00001279.png 52 60 70 72 87
00000974.png 10 30
00002462.png 8 47 57 58 67 76
00003746.png 47 87
00001091.png 51 70 84 85 87
00000286.png 47 66 82 93
00002536.png 48 64 66 96
00003065.png 48 52 84 87 89
00000149.png 13 58
00006305.png 48 81 89
00006531.png 66 67 85
00000909.png 48 70 73 96
00002711.png 48 87
00002873.png 37 54 67 73 80
00002000.png 8 37 48
00003851.png 48 70 77 84
00006750.png 55 58 94
00003181.png 57 85 89
00002551.png 9 10 52
00003940.png 46 49 61 73 80 93
00000239.png 67 70 84 87
00006781.png 9 37 73 89
00003848.png 46 52 70 84
00000564.png 37 54 70 84 96
00003434.png 10 32
00002032.png 8 50
00000591.png 48 52 66 89 93
00004127.png 32 47 52 58 93
00000855.png 47 66 80 82 103
00006583.png 46 84 89
00002708.png 10 29
00000966.png 8 37 54 67 76 84
00002094.png 3 47 49 73
00000512.png 48 84 87
00001744.png 47 73 80 97
00001964.png 8 46 84 89 95
00001055.png 47 59 70 84
00004001.png 48 59
00001967.png 3 47 58 82
00003033.png 48 70 73 80
00002878.png 48 70 73 87 89
00002357.png 11 46 73 96
00001424.png 51 70 72 96
00003675.png 30 40 41 43 52
00006572.png 11 27 89
00001310.png 49 87
00002173.png 10 93
00003398.png 10 32
00006292.png 10 36
00004300.png 5 44
00003160.png 46 66 73
00002496.png 47 48 58 59 66
00004304.png 48 52 65 70 73 98
00002102.png 3 37 46 58
00004250.png 46 66 84 87
00000761.png 37 54 84 96
00006568.png 14 36
00002759.png 54 72 84 89 93
00001522.png 24 67 73
00002775.png 46 66 84 91
00004274.png 46 70 71 84 96
00000339.png 48 58 87
00000767.png 46 66 72 76 84 87
00002999.png 14 37
00001921.png 48 58 59
00001419.png 5 8 30 41 89
00003098.png 61 94
00003173.png 47 59 65
00002638.png 26 52 67 73 80
00004397.png 51 70 84 95
00000548.png 37 52 55 89
00001309.png 46 52 58 89 94
00001282.png 37 54
00000419.png 46 73 89
00000680.png 8 10 31 32
00004228.png 61 87
00006656.png 8 36 39
00000576.png 47 48 59 64 103
00000574.png 48 66 72 87 93
00004046.png 54 59 73
00001076.png 46 52 59 70
00004247.png 65 73 80
00003811.png 21 48 50 64 87
00002377.png 48 50 64
00002177.png 8 30 33 41 44 58 73 84 87 88 103
00006443.png 48 75 80
00000082.png 9 48 66 87
00004151.png 46 65 84 89
00003823.png 54 66 84 87
00002826.png 9 11 58
00006591.png 34 48 64 73 76
00006306.png 8 36
00000601.png 11 48 70 84 96
00002592.png 58 73 89 103
00004305.png 46 59 70
00001079.png 24 50 52 58
00006624.png 49 53 56 84 89 93
00003209.png 56 72 87
00001968.png 48 64 70
00002566.png 8 30
00001843.png 52 82 84 94
00003146.png 48 84 95
00002385.png 46 73 89 91
00002250.png 48 73 80 82 89
00000012.png 8 73
00002326.png 40 49 84
00001391.png 8 82 84 87 88 94
00004000.png 3 52 58 80
00004387.png 8 84 87 88 94
00001389.png 46 52 70 91
00001269.png 9 48 50 96
00002037.png 17 31 58
00003230.png 47 65 73 80 84
00001568.png 48 70 84
00002640.png 47 52 70 90
00002478.png 46 70 73
00000254.png 5 8 84 88 89
00002367.png 24 58
00003383.png 3 11 46
00000456.png 46 52 58 96
00002709.png 8 46 70 84 89
00002877.png 8 48 84 88
00006847.png 5 13
00001595.png 46 52 58 73 82 93
00006695.png 46 101
00002480.png 3 50 82 93
00006724.png 56 84 95
00004263.png 46 52 73 85
00004003.png 24 28 50 54 58 73 80
00001873.png 9 14 46 58 82 84
00006413.png 40 47 66 93
00001372.png 9 44 46 58 82
00000757.png 48 66 87
00000380.png 24 44 58
00001137.png 46 70 91
00001732.png 46 70 90
00003121.png 48 54 84
00000307.png 8 47 59 70 76 93
00003939.png 8 30 32 33 42 58
00000387.png 52 58 73 80 93
00002263.png 37 51 71 89
00003350.png 5 58 84
00000951.png 4 5 13
00002038.png 50 58 70 84 87 95
00000438.png 49 56 59 87
00001473.png 3 46 59
00001632.png 47 52 67 93
00001988.png 5 25 58
00000975.png 48 82 101
00002406.png 48 49 52 59 70 87
00003370.png 8 31 35 72 82 84 87
00002227.png 19 46 52 58 66 85
00006798.png 12 38
00006829.png 35 55 65
00000146.png 3 52
00002630.png 67 73 89
00006820.png 58 89 101
00004351.png 51 66 84 87
00000543.png 46 59 73
00003224.png 8 32 72 84 87 88
00004360.png 54 70 73 87
00004050.png 47 59 73 80
00004226.png 46 70 80 84
00000473.png 32 48 52 70 85
00002481.png 8 24 44 47 52 58
00002524.png 46 52 58 73 80
00003736.png 8 46 58 59
00000143.png 49 85
00003752.png 67 73 92 96
00001910.png 52 84 88 98
00003102.png 31 33 36
00006304.png 10 16
00001578.png 47 70 76 84
00002215.png 8 31 32 33 58
00002374.png 10 30
00000691.png 35 46 67 70 73 80 93
00000071.png 3 52 59 67 96
00002172.png 52 58
00006825.png 8 31 36
00002576.png 47 58 94
00002632.png 24 33 58
00000505.png 9 13 58
00000325.png 24 52 66 82
00002468.png 37 54 70 87
00003865.png 52 84
00003758.png 8 72 84 87 88 89
00002329.png 18 37 48 66
00000545.png 48 52 66
00001686.png 47 52 57 66 69 73 91 94
00001104.png 10 31
00001866.png 8 48 59 70
00002646.png 48 67 73 89
00002421.png 9 49 58 73 93
00002841.png 47 70 84 85 87
00001724.png 9 58 73 80
00003273.png 46 49
00000910.png 52 58 67 71 87
00000614.png 8 34 66 67 89
00003640.png 37 56 65 96
00000288.png 48 70 73 96
00002333.png 8 48 58 66 73 80 96
00001698.png 14 31 37
00001002.png 47 52 66 95
00002771.png 46 84 87
00003373.png 37 52 58 89
00003840.png 46 52 58 89
00000612.png 8 30
00003377.png 46 70 84 88
00001718.png 46 70 80 81 84
00000993.png 56 59 64 95
00001089.png 37 67 80 93
00001759.png 72 73 84 87 94
00002886.png 4 10
00001099.png 5 13
00001272.png 47 59 70
00004171.png 49 67
00003025.png 13 52 58
00006698.png 45 47 67
00003713.png 8 52 61 73 90
00001086.png 46 70 71 84
00003959.png 5 25
00001078.png 47 65 84 93 96
00002479.png 46 70 84
00002871.png 8 30 32
00002245.png 58 82
00001659.png 5 8 30
00006715.png 16 37
00003214.png 47 52 58 73 89 93 103
00002919.png 58 70 87
00003685.png 37 58
00003625.png 21 46 58 73 93 94
00001406.png 31 46 70 96
00002966.png 25 44 58
00004131.png 37 54 70 84 90 91
00001774.png 64 87
00002515.png 14 32 67
00006660.png 1 10
00003832.png 9 58 84 87
00004026.png 9 25 41 49 65 73 84
00001885.png 47 72 87
00002088.png 47 59 87
00006451.png 5 9 82 94
00006864.png 65 73 75
00002959.png 46 66 84 103
00000117.png 24 47
00001127.png 14 46 58 93
00001393.png 8 48 84 88
00006664.png 14 27
00000300.png 58 70 101
00001720.png 24 73
00001593.png 44 49 52 58 67 84 96
00001965.png 57 84
00003608.png 46 84 93
00006344.png 47 76 86
00001741.png 48 57 58 73 89
00002854.png 52 73 84
00004374.png 48 73 80 82
00001876.png 8 10 37
00000630.png 8 32
00001731.png 48 71 84 89
00006685.png 95 98
00002458.png 58 80
00002121.png 46 48 70 73 80
00001221.png 46 48 70 84 93 96 98
00002139.png 4 13 52
00001488.png 37 52 54 66 87
00002196.png 37 52 54 58 73 80
00001952.png 48 66 84 87
00001654.png 37 54 70 84 89 96
00001594.png 10 30
00001621.png 46 58 70 73 80 82 93
00001537.png 50 56 80
00000736.png 48 66 84 87
00003169.png 46 52 65 85
00000162.png 9 48 66 73
00001327.png 70 82 84
00001535.png 61 73
00000021.png 37 48
00003139.png 3 46 52
00006762.png 13 17
00004363.png 10 25
00002926.png 48 52 59 67 70
00003510.png 65 70 87
00002872.png 44 47 70 84
00006561.png 21 37 49 84
00002316.png 10 31 89
00006538.png 10 17
00006301.png 8 9 58
00002923.png 46 72 84 93
00001448.png 8 29 41
00002858.png 46 66 84
00002159.png 24 57 89
00002995.png 48 59 85
00003369.png 3 60 80 82 93
00002763.png 48 72 84 87
00006523.png 10 22 36
00000327.png 14 33 44 103
00006620.png 30 39 89
00000102.png 8 10 30 32
00000593.png 48 66 84 87
00003392.png 9 41 58 73 80
00003562.png 48 66 77
00002882.png 47 84 93 94
00002992.png 30 32 40 41 42 44
00001711.png 8 30 31 36 41 58
00003639.png 3 24 58 80 87
00000515.png 46 52 69 73 77 85 94 98 103
00002823.png 52 67 94
00002325.png 1 13 37
00004377.png 48 70 84
00003078.png 8 9 21 46 58 59
00002219.png 8 10 11 30
00004296.png 4 10 17
00004309.png 56 65 87
00004260.png 24 46 59
00001213.png 51 66 83 95
00002964.png 5 73 80 82
00002561.png 5 8 84 88
00001927.png 58 61 84 94
00000219.png 48 59 70
00002299.png 8 24 29 30
00006381.png 14 36
00001773.png 67 80 82 84 88 103
00000172.png 57 58
00002518.png 8 9 30 32 58
00004219.png 52 63
00000715.png 44 47 96
00002286.png 24 52 73 82 89
00001053.png 24 58 67 73
00004333.png 48 70 95
00001227.png 50 51 52 84
00003279.png 8 67 82 84
00000493.png 58 59 70
00002939.png 46 70 84
00002578.png 11 50
00001192.png 52 62 80
00002322.png 70 85
00001445.png 46 70 84
00001639.png 50 52 70 87
00000538.png 52 67 73 89
00001434.png 24 50 67 73 82 89
00000198.png 46 70 87
00001577.png 4 5
00002817.png 9 52 58 73
00006851.png 1 5 6 103
00006817.png 68 73 92 94
00000878.png 10 31
00000872.png 5 52 87
00003241.png 5 52 82
00000244.png 38 58 59 70
00001006.png 46 84 87
00002645.png 48 59 95
00003579.png 10 24 47
00006383.png 27 48
00003965.png 48 59 70
00001892.png 48 70 80 84
00002706.png 46 70 84 91
00006455.png 10 17
00000964.png 54 66 73 80
00003248.png 47 70
00002056.png 8 48 88 94
00006459.png 46 85 98
00003528.png 61 73
00002618.png 48 59 70
00001898.png 52 73 84 88 89
00006470.png 5 17
00006284.png 8 40
00003155.png 12 29 82
00001697.png 10 30 42
00003447.png 8 56 58 89 93 95
00003693.png 48 66
00001258.png 41 48 58 80 103
00006293.png 39 67
00003986.png 48 66 84
00003459.png 32 44
00006769.png 8 79
00003329.png 31 32 67
00001932.png 8 66 67 84 91 101
00003205.png 5 8
00000369.png 52 67 89
00001497.png 47 64 72 87
00001840.png 24 58 73 91
00002942.png 29 52 67
00002654.png 47 52 58 70 84
00004214.png 14 30
00004057.png 47 68 76 84 89 99
00003130.png 12 25 29 30 40
00001014.png 3 38 48 89
00003210.png 48 66 70
00001935.png 48 50 64 87
00001987.png 8 10 38
00002797.png 9 46 52 58 73 80 93
00000412.png 47 73 89
00003797.png 47 70 87 93
00002115.png 4 8 30 58
00000740.png 48 89
00003701.png 67 87
00006492.png 14 44
00006686.png 14 34 44
00006710.png 8 40
00001422.png 66 82 101
00000306.png 10 32
00002310.png 52 82 88 94 96
00000810.png 47 66 87
00000617.png 52 67 73 88
00003308.png 12 30
00002434.png 46 66 84 87 94
00000249.png 25 58
00002961.png 30 44 67
00004317.png 47 64 72
00002337.png 10 44
00002935.png 3 46 58 67 73 76 80 89
00003595.png 9 47 70 85 93
00000578.png 9 46 96 98
00002095.png 30 58
00000837.png 52 59 67
00003103.png 9 35 58 80 82 93
00002668.png 10 41 44
00002031.png 21 37 48 64
00004178.png 58 81
00004298.png 24 56 58
00006736.png 37 54
00000290.png 46 52 70 85 93
00001176.png 30 67
00003031.png 46 58 70 82
00003503.png 14 29 40
00001746.png 37 52 58
00004313.png 3 8 37 52 54
00002365.png 13 44
00000516.png 52 82 84 87 88 94
00000457.png 52 72 73 83 84
00002820.png 10 30 32
00000115.png 8 47 52 70 87
00001186.png 10 30
00003029.png 48 59 66 94
00001171.png 46 59 96
00001103.png 3 46 52 58
00002175.png 8 30 32 52
00002652.png 46 84
00001456.png 46 52 80 84 89 92 97
00004369.png 24 41 49 58
00004084.png 8 30 32
00003467.png 47 58 87
00000077.png 37 48 66 72 84 87
00003613.png 10 37
00003341.png 8 58 73 84 87 88
00000152.png 4 10
00002843.png 46 58 89
00003024.png 8 10 30
00006588.png 5 17 52 67
00003358.png 46 70 87
00001270.png 30 58
00001437.png 3 8 52 73 76 94
00003773.png 24 37 67 73
00001260.png 48 66 82
00003669.png 8 10 13 17
00004123.png 5
00003690.png 13 58
00002253.png 44 46 50 65 93 96 103
00000941.png 48 70 72 87 89
00004121.png 8 30 32 58
00002189.png 47 70 96
00006341.png 36 61
00001828.png 8 31 33 58
00003837.png 48 50 59 66
00004279.png 44 52 67 82 83 84 88 89
00003208.png 47 70
00000201.png 8 37 51 58 67 73 82 89 93
00006288.png 12 31
00000527.png 8 84 85 87
00001588.png 46 70 77 84
00001013.png 48 58 64 73 89 93 101
00003883.png 46 52 84 87 96
00000766.png 5 52 82 83 84
00003517.png 35 54 66 82
00003206.png 67 73 80
00003722.png 51 70 84 85 93 95 101
00002991.png 9 58 101
00000233.png 46 58 59
00000136.png 9 47 48 58 59
00000193.png 14 31 44
00001970.png 37 56 58
00002661.png 59 66 67 95
00006683.png 34 37 48 94
00000741.png 50 64
00000304.png 3 46 58 73 80
00006727.png 10 81
00006491.png 40 47 66 96
00003202.png 54 59 70
00000521.png 12 30
00002262.png 48 52 87
00006567.png 19 42
00006853.png 68 84 87 98
00004072.png 24 58 73
00001235.png 9 84 87
00003008.png 47 66
00002331.png 46 59 70
00003627.png 8 32 33
00000007.png 49 66 70
00000414.png 7 30 32 52
00003316.png 46 52 58
00002598.png 37 54 89
00003876.png 10 47 84 89
00000485.png 70 84
00003385.png 50 67 89
00004021.png 8 46 59 70 87
00003918.png 52 58 87
00003903.png 46 70 89
00000547.png 29 30 61
00002720.png 24 47 52 66 80
00003114.png 46 52 58 73 80 93
00000665.png 46 70 84 91
00001489.png 52 62
00003996.png 24 85
00002548.png 10 30 31
00001763.png 37 47 66 89 103
00001681.png 24 47 84 85
00001801.png 13 58 81 89
00004175.png 8 25 29 30 40 44 58
00002847.png 40 54 70
00003605.png 8 25 30 32
00003476.png 25 58 76
00000066.png 48 50 66 87 95 101
00003182.png 12 44
00003727.png 57 67
00001495.png 52 66 94
00002815.png 48 66
00002005.png 47 70 73 80
00006861.png 4 58 81
00001768.png 8 58 82 84
00000911.png 37 54 66 73 85 89
00002192.png 30 58
00006592.png 52 68
00003553.png 48 70 73 84
00001608.png 46 52 66 82
00002896.png 48 66 84 87
00003483.png 30 32 67
00002120.png 5 52
00001444.png 48 66 87 101
00002112.png 46 52 58 82
00004177.png 46 52 59 96
00004134.png 9 24 32 47
00004212.png 10 31
00000421.png 52 67 89
00006507.png 12 36 89
00002277.png 11 48 67 89 94
00000699.png 8 30 52 58 89
00006838.png 30 40
00000222.png 52 59 66 87
00001314.png 9 37 58 65 67 72 84
00002637.png 46 65 84 87
00001781.png 9 31 41 58
00006614.png 51 70 95
00003286.png 52 54 59 82 96
00003346.png 47 84
00000056.png 46 84 87
00003475.png 54 59 64
00003338.png 10 30 58
00003374.png 8 46
00003868.png 11 13 44
00003958.png 8 29 30 40
00000608.png 8 82 84 88
00001616.png 46 52 70 87
00002163.png 5 30
00003079.png 8 59 65 80 84
00002214.png 9 48 52 64 87
00002989.png 8 46 58 64 82 93 98
00001451.png 37 85 103
00002379.png 55 65
00000320.png 51 70 84 89
00002800.png 48 70 87
00003836.png 47 59 67 91
00002344.png 61 73
00001890.png 44 48 70 85
00002401.png 8 57 67 87
00006590.png 9 24 36 58 89
00004200.png 37 54 70 84 96
00006694.png 9 39 47 58
00002846.png 24 46 66
00006457.png 9 24 49 66 75
00002688.png 8 10 30
00002285.png 73 96
00002209.png 47 73
00000131.png 9 47 84
00006586.png 97 98 99
00002792.png 46 59 70
00003184.png 30 58
00001090.png 31 33 58
00000850.png 46 58 70 95
00001266.png 37 46 89
00000870.png 8 35 37 52 70 82 88 89 93 103
00001816.png 9 28 48 58 67 82
00002105.png 46 73 89
00003974.png 10 32 37
00003456.png 41 58
00004361.png 37 67
00000660.png 50 59 73 80 82
00000629.png 48 52 70 73 85
00002356.png 37 48 66 87 93 94 98
00001507.png 8 30
00003322.png 46 52 58 96
00000008.png 9 24 30 58
00004336.png 54 70 85
00002107.png 8 35 82 84 87 88 89 94
00002825.png 67 70
00000728.png 37 48 66 95
00006290.png 12 36
00003215.png 37 54 70 82
00003194.png 48 52 88
00002114.png 20 56 66 84 96
00002300.png 48 59 66
00001791.png 46 59 65 84
00006752.png 10 36
00002770.png 47 70 84
00004014.png 37 52 66 67
00003688.png 47 70 84 96
00002210.png 47 70 89
00000628.png 46 52 79
00003665.png 47 73 80 87
00004340.png 48 70 84
00003575.png 8 73 84
00000936.png 10 15 29
00002449.png 47 59 70
00004222.png 64 73 89
00001059.png 24 28 47 59 73
00002153.png 13 29 30 67
00003871.png 48 65 73 87
00000366.png 3 47 82
00002813.png 46 52 82 84 94
00002464.png 63 66 84 87
00006286.png 9 22 45 52 89
00003047.png 24 46 59
00003946.png 47 73 76 84 85 96
00003892.png 52 70 73 77 84
00003020.png 8 30
00002004.png 47 59 66
00003311.png 8 82 84 88 94
00000735.png 47 70 84 87
00004180.png 37 48 93
00002908.png 37 52 67 73 89
00003082.png 8 46 52 70
00003535.png 48 70 87
00002980.png 42 67
00002803.png 21 34 46 66
00003597.png 9 28 58 89 92
00006564.png 9 19 41 58 89
00006796.png 68 77
00001850.png 46 70 91
00002226.png 9 48 52 70 82
00001194.png 14 24 50 67
00006865.png 8 27
00000495.png 41 58
00006444.png 47 96
00000963.png 46 70 72 82 84
00003525.png 9 14 48 58 80 82
00003216.png 37 52
00003056.png 47 66 87
00001114.png 9 48 70 84 95
00000386.png 14 25 37 103
00000360.png 12 29 30
00000717.png 10 30
00002782.png 30 32 67
00000760.png 5 22 41 52 84
00006726.png 8 10 81
00001161.png 52 58 84 88
00003222.png 46 58 59
00001292.png 8 30
00004225.png 8 48 70 96
00004169.png 48 66 96
00001682.png 50 65
00002780.png 70 96 101
00003764.png 8 24 49 67 76 89
00000947.png 8 10 33
00003391.png 87 94 101
00000462.png 47 70 87
00002057.png 48 87
00002244.png 10 32 52
00000301.png 54 59 70 93 94
00000641.png 5 52 84
00002695.png 47 59 67
00004163.png 8 35 73 82 93 95
00006777.png 66 68
00004161.png 52 63
00002974.png 50 59 66
00002404.png 5 10 25
00006645.png 15 17
00001902.png 3 9 94
00003268.png 58 89 95
00002089.png 52 72 73 76 87
00006435.png 10 39
00004302.png 9 46 70 84 85 103
00001666.png 68 87
00002532.png 48 65 96
00000897.png 3 46 52 58 70
00001736.png 37 48 67
00002195.png 12 31 32 40
00000907.png 48 65
00001633.png 9 54 70 84 87
00001721.png 30 32 58
00003584.png 30 58
00000100.png 49 67 73 93
00000573.png 30 41 58
00001869.png 5 8 88
00000890.png 46 72 87
00002272.png 52 82 84 88 94
00000099.png 3 8 48 93
00002207.png 15 48 88 89
00000559.png 30 32 52
00003491.png 48 70 87
00001241.png 50 73 82 89
00001933.png 48 69 94
00004205.png 37 58 73 80 82
00000034.png 48 65 73 87
00002710.png 47 59 84 85
00006347.png 5 17
00006814.png 47 68 76 84 92 97 98 99
00002488.png 37 50 67
00003934.png 47 64 87
00002684.png 8 46 52 96
00006833.png 8 17 31 34 44
00001087.png 11 46 70 87
00000957.png 10 13
00003969.png 18 47 64
00003596.png 37 57 76
00002487.png 57 58
00001820.png 30 41 49 58 103
00001199.png 48 80 87
00006603.png 8 11 27
00003500.png 8 38 41
00003806.png 30 34 50 67
00002389.png 58 84 87
00002947.png 51 70 85 87 93
00001613.png 9 48 73 80
00006739.png 14 32
00006862.png 55 58 73 83 89
00001124.png 52 54 73 87
00003092.png 48 59 70 84
00000476.png 10 25
00000374.png 61 72 87
00000317.png 56 66 87 101
00001150.png 52 65 89
00006416.png 9 40 44 45 48 76 89
00002977.png 9 10 46 80
00001560.png 37 52
00006448.png 30 36 37 40
00002986.png 8 37 54 73 84 95
00006830.png 58 81
00003037.png 48 87
00003419.png 37 52 67
00001722.png 5 47 54 58 73 84 89
00004170.png 8 28 67 103
00000468.png 48 59 96
00000275.png 24 30 67
00002647.png 10 29 33 52
00001058.png 16 44
00006780.png 15 58
00006562.png 13 58
00000524.png 46 52 70 84 101
00006338.png 37 54 89
00004220.png 8 10
00002495.png 5 8 84 87 94 96
00004280.png 67 89 91 98
00003176.png 47 66 87
00003907.png 46 58 84 93 96
00006652.png 76 81 94
00002391.png 8 37 59
00006529.png 68 100
00002077.png 52 64 72 84 87 94
00001757.png 37 54 66 84
00000781.png 67 81
00003616.png 8 48 52 77 89
00001569.png 9 35 37 73 82 84 93 94
00001071.png 9 10 30 32
00000227.png 48 52 88
00000096.png 46 70 85
00006490.png 8 89 103
00004310.png 48 70 85
00001997.png 46 70 84 93
00001496.png 47 64 87
00000537.png 52 84
00001656.png 11 46 48 70 73 93 94
00000927.png 46 58
00002636.png 24 62 89
00002482.png 48 52 70 84
00002469.png 46 48 66 82 87 93
00001439.png 43 47 58 67 89
00001098.png 9 24 29 49 52 58 80
00003779.png 31 32 57
00000683.png 47 70 84 85
00001215.png 48 66 85
00003725.png 48 84 87 94 98
00001699.png 8 73 84
00000260.png 8 25 30 67
00000108.png 46 49 52
00000644.png 14 37
00002492.png 61 73
00000469.png 48 52 70 84 89 95
00004299.png 46 59 70 87
00004371.png 28 47 103
00004013.png 47 70 96
00003174.png 37 54 83 84 87 89
00001463.png 48 66 84 87
00003628.png 12 48 66 67 85
00000165.png 5 8 73 84 87 94 96
00003766.png 50 52
00000270.png 37 48 66
00002036.png 8 48 88
00001155.png 29 58
00001195.png 46 67 70
00003203.png 46 64 87
00003935.png 46 70 84
00002047.png 48 66 72 84 87
00001412.png 48 66 87
00004079.png 3 46 58 93
00002583.png 10 49 66 67 80 103
00003108.png 25 58
00000284.png 48 59 93 94
00001755.png 58 84 87
00003924.png 46 65 87
00002380.png 46 70 73
00002288.png 9 30 32 58
00002473.png 5 10 26 30
00000486.png 46 70 84 88
00002212.png 10 31
00002052.png 48 49 70 87
00001492.png 13 24 37
00002560.png 8 30 52 58
00006546.png 5 31
00001420.png 41 48 70
00002513.png 8 10 30
00003041.png 47 59 70 84 95 96
00003083.png 46 52 65 93
00001427.png 46 58 82 84
00003140.png 61 70 72 87
00001064.png 37 54 73 80 84 93
00002304.png 50 66 67 89
00004147.png 8 28 58
00001210.png 41 58
00000471.png 48 70 84
00001655.png 8 72 84 96
00003585.png 29 58
00003165.png 46 58 73 80 93
00001118.png 3 37 52 89
00001459.png 46 70 73
00000845.png 37 54 87
00002605.png 47 73 82
00001107.png 71 73 94
00002888.png 30 58 89
00003631.png 5 8 14 30 32
00001129.png 9 24 46 58 73
00003709.png 14 73
00004115.png 8 73 89
00003259.png 47 65 84 89
00002677.png 47 70 91
00003127.png 48 66 73 84 87
00003930.png 37 56 59 93
00002610.png 48 96
00003630.png 50 52 70 77
00003533.png 24 48 72 82 84 87 88 96
00006351.png 54 68
00001949.png 46 58 70 73 84
00002655.png 37 103
00003557.png 48 70 84 89 103
00000919.png 46 73 76
00000409.png 9 24 58 73 89
00004128.png 17 58
00004269.png 44 54 70 87
00001240.png 46 70 82 93
00000998.png 66 73 82
00000899.png 51 70 72 80 96
00006799.png 49 52 65 73 84 96 98
00003122.png 24 46 59
00002879.png 54 70 72 84
00002750.png 46 66
00000331.png 5 8 52
00006377.png 18 71 81 93
00000784.png 10 47 73 77 93
00001712.png 46 84 85
00000653.png 48 66 84 87 89 90 94
00003353.png 14 47 73 89
00000823.png 10 31
00006482.png 40 46
00003714.png 52 62
00002906.png 47 58 85
00002948.png 3 9 73 93 94
00003290.png 5 30
00001388.png 37 54 59 66
00006354.png 8 40 48 94
00000796.png 30 32
00003754.png 24 44 52 54 84 88
00000055.png 30 58
00004020.png 8 73 95
00006479.png 47 68 80 89
00006563.png 19 30
00003016.png 24 35 52 62 80 82 94
00006373.png 5 13
00002736.png 8 10 30
00003626.png 48 59 66
00003763.png 47 66 96
00002103.png 40 66 94 96
00000113.png 58 72 85 87 89
00001245.png 48 84 96
00001563.png 50 82 91
00003505.png 14 31
00003980.png 8 82 84 88 94
00003011.png 47 87
00002497.png 47 70 94 95
00006521.png 90 98
00002441.png 8 29 30 32 41 67
00003314.png 54 59 64
00001889.png 3 9 32 46 58 73 82
00003061.png 24 41 46 84 93
00001329.png 47 101
00006510.png 47 66 68 80 82 84 98 99
00000217.png 47 52 54 93
00003320.png 46 66 72 87
00001634.png 48 73 80 93 95
00004235.png 58 70 93 95
00003711.png 8 48 65 96
00003333.png 8 10 37
00001575.png 54 87
00001066.png 10 30
00003641.png 47 58 59 70
00003107.png 52 73 84 88 89
00000124.png 49 58
00001286.png 46 66 95
00002162.png 8 13 24 49
00002015.png 5 61 84 88 94
00002182.png 37 89 95
00003552.png 3 8 52
00002362.png 46 70 73 89 103
00006585.png 37 68 89
00000569.png 1 24 66 76
00006535.png 15 17
00004005.png 10 31
00000844.png 46 70 93 96
00000394.png 46 59 70 88
00000647.png 37 52 63
00000372.png 70 101
00000580.png 8 46 52 73
00003221.png 52 65 76 82
00006312.png 5 44
00000234.png 48 52 89
00002409.png 48 66 77
00000675.png 58 82 96
00000196.png 48 52
00002774.png 52 58
00000393.png 48 66
00006678.png 22 31 67
00003543.png 9 24 46 58
00001787.png 9 49 50 52 58 73 82
00003499.png 46 70 73
00004096.png 48 63 84
00001252.png 8 29 58
00000908.png 41 84
00001123.png 46 52 70 73 85 89
00000879.png 8 12 22
00006512.png 49 50 58 82
00003021.png 5 31 32
00002584.png 9 46 70 96
00003335.png 3 37 55 58
00003972.png 8 48 84 88
00000942.png 52 72 84 87 88 94 101
00001999.png 9 49 58 73 82 89 96
00000764.png 31 32 67
00001410.png 10 44
00006363.png 17 48
00004352.png 8 16 58 82
00000337.png 54 66 87
00002690.png 48 59 66
00002168.png 50 52 58 73 80
00003187.png 37 48
00002200.png 70 94
00000948.png 13 31 41 58
00000356.png 18 24 26 48 57 83 89
00001584.png 46 58 72 73 82 87 94 98
00003681.png 3 58 73 82
00002696.png 48 52 70 84
00001012.png 46 66 84
00006423.png 9 52 53
00000618.png 37 52 80 103
00003148.png 37 67 84 87
00000535.png 30 31 32 33 42 43 89
00000336.png 44 49 58
00006793.png 35 48 58 66 73 93
00004396.png 13 44 58
00003632.png 48 59 70
00001979.png 4 44
00000549.png 46 58 70 84 96
00003904.png 49 58
00003213.png 24 50 58
00004338.png 9 40 50 58 89 93
00002913.png 56 87
00003512.png 47 70 84 91 96
00001200.png 5 37
00002068.png 37 58 70 73 98
00002493.png 8 47 59
00003147.png 37 54 73 80 84 87 89
00003233.png 46 64 87 101
00001627.png 47 52 89 103
00006579.png 5 22
00002564.png 70 76 84 88 94
00001159.png 58 82
00004209.png 24 48 70 87
00003564.png 3 47 58 59
00003232.png 47 48 59 101
00000500.png 28 47 58 73 87
00006395.png 71 81 89 93
00004054.png 50 52
